$coord
    2.17545549367820      3.35861024129738     -0.32210937596048      n
   -0.50134156185421      3.39186942109079     -0.31247177272489      c
    3.19439582007641      0.93352470556513     -0.31700711542399      c
    1.15084598890610     -0.71469442033347     -0.30907026570056      c
   -1.15084043088808      0.71469442033347     -0.30907026570056      c
   -3.19439026205839     -0.93352470556513     -0.31700711542399      c
    0.50134711987223     -3.39186942109079     -0.31247177272489      c
   -2.17544993566018     -3.35861024129738     -0.32210937596048      n
   -1.75593073599326      5.34565726134138     -0.30547978606377      o
    1.75593629401128     -5.34565726134138     -0.30547978606377      o
   -3.16434361667684     -4.98755416072480     -0.30359005993915      h
    3.16434917469486      4.98755416072480     -0.30359005993915      h
   -5.89575375721093     -0.46279392792085     -0.32173143073556      c
   -6.81945188692801      2.04317188594538     -0.27977951076886      c
   -7.67606473922087     -2.44681738616545     -0.36047081629038      c
   -9.39609345785524      2.51976081457600     -0.26674040050895      c
   -5.49494284617780      3.61088867893492     -0.23839450863956      h
  -10.25232836492318     -1.95624448421260     -0.36613999466426      c
   -7.07002957105338     -4.40627440478991     -0.40771396940603      h
  -11.18396334436369      0.54008372641805     -0.31946375938600      c
  -10.03652164149092      4.46523385987823     -0.17924608093877      h
  -11.56190856928884     -3.53397682566265     -0.43965034091220      h
    5.89575931522895      0.46279392792085     -0.32173143073556      c
    6.81945744494603     -2.04317188594538     -0.27977951076886      c
    7.67607029723889      2.44681738616545     -0.36047081629038      c
    9.39609901587326     -2.51976081457600     -0.26674040050895      c
    5.49494840419582     -3.61088867893492     -0.23839450863956      h
   10.25233392294120      1.95624448421260     -0.36613999466426      c
    7.07003512907140      4.40627440478991     -0.40771396940603      h
   11.18396890238171     -0.54008372641805     -0.31946375938600      c
   10.03652719950894     -4.46523385987823     -0.17924608093877      h
   11.56191412730686      3.53397682566265     -0.43965034091220      h
  -13.89231882617734      1.08375793247288     -0.32796752694682      c
  -15.10249943638768      3.30966633466957     -0.96008091563414      c
  -16.13013250295918     -1.20148787003706      0.54470799740536      s
  -17.77192656003405      3.18305468431965     -0.76940754965940      c
  -14.10453506997281      4.97564888613965     -1.61033567511787      h
  -18.66217653734525      0.85925846886734      0.01312803854813      c
  -19.01177587040102      4.73792133966173     -1.26130325989949      h
   13.89232438419536     -1.08375793247288     -0.32796752694682      c
   15.10250499440570     -3.30966633466957     -0.96008091563414      c
   16.13013806097720      1.20148787003706      0.54470799740536      s
   17.77193211805207     -3.18305468431965     -0.76940754965940      c
   14.10454062799083     -4.97564888613965     -1.61033567511787      h
   18.66218209536327     -0.85925846886734      0.01312803854813      c
   19.01159245580657     -4.73792133966173     -1.26130325989949      h
   21.28965729904294     -0.06443966084974      0.41563970309342      c
   22.04195726925645      2.47024999011081      0.11725194801501      c
   23.13629766802724     -1.85249851997064      1.10954713605600      c
   24.55000178185978      3.18796797224367      0.49330744681554      c
   20.66207925305472      3.87904081601932     -0.45155561549735      h
   25.64547601630534     -1.13289081171315      1.46462667487319      c
   22.58808811927330     -3.80628636022123      1.41020256248396      h
   26.36621756023761      1.39121637294949      1.16208152232060      c
   25.08800680954073      5.15328314185447      0.24575332448956      h
   27.03612547141744     -2.54300444590890      2.00414348345384      h
   28.31924951003834      1.95152016890103      1.44931989326372      h
  -21.28965174102492      0.06443966084974      0.41563970309342      c
  -22.04195171123843     -2.47024999011081      0.11725194801501      c
  -23.13629211000922      1.85249851997064      1.10954713605600      c
  -24.54999622384176     -3.18796797224367      0.49330744681554      c
  -20.66207369503670     -3.87904081601932     -0.45155561549735      h
  -25.64547045828732      1.13289081171315      1.46462667487319      c
  -22.58808256125528      3.80628636022123      1.41020256248396      h
  -26.36621200221959     -1.39121637294949      1.16208152232060      c
  -25.08800125152271     -5.15328314185447      0.24575332448956      h
  -27.03611991339942      2.54300444590890      2.00414348345384      h
  -28.31924395202032     -1.95152016890103      1.44931989326372      h
$redundant
     number_of_atoms            68
     degrees_of_freedom        198
     internal_coordinates      198
     frozen_coordinates          0
# definitions of redundant internals
   1 k  1.0000000000000 stre    2    9           val=   2.32192
   2 k -0.7071067010706 bend    1    9    2      val=   5.11940
        0.7071068613025 bend    5    9    2
   3 k  1.0000000000000 outp    9    5    1    2 val=   0.08000
   4 k  1.0000000000000 stre    7   10           val=   2.32192
   5 k -0.7071067010706 bend    8   10    7      val=   5.11940
        0.7071068613025 bend    4   10    7
   6 k  1.0000000000000 outp   10    4    8    7 val=   0.08000
   7 k  1.0000000000000 stre    8   11           val=   1.90571
   8 k  0.7071125756888 bend    6   11    8      val=   2.70111
       -0.7071009866368 bend    7   11    8
   9 k  1.0000000000000 outp   11    7    6    8 val=   0.84326
  10 k  1.0000000000000 stre    1   12           val=   1.90571
  11 k  0.7071125756888 bend    3   12    1      val=   2.70111
       -0.7071009866368 bend    2   12    1
  12 k  1.0000000000000 outp   12    2    3    1 val=   0.84326
  13 k  1.0000000000000 stre   14   17           val=   2.05275
  14 k  0.7071072839412 bend   16   17   14      val=   0.05872
       -0.7071062784315 bend   13   17   14
  15 k  1.0000000000000 outp   17   13   16   14 val=  -0.53444
  16 k  1.0000000000000 stre   15   19           val=   2.05158
  17 k -0.7071060591978 bend   18   19   15      val=   1.48265
        0.7071075031745 bend   13   19   15
  18 k  1.0000000000000 outp   19   13   18   15 val=  -0.58460
  19 k  1.0000000000000 stre   16   21           val=   2.05004
  20 k  0.7071070779448 bend   14   21   16      val=  -0.51384
       -0.7071064844281 bend   20   21   16
  21 k  1.0000000000000 outp   21   20   14   16 val=   0.98923
  22 k  1.0000000000000 stre   18   22           val=   2.05174
  23 k  0.7071069591810 bend   15   22   18      val=  -0.47904
       -0.7071066031921 bend   20   22   18
  24 k  1.0000000000000 outp   22   20   15   18 val=   0.90004
  25 k  1.0000000000000 stre   24   27           val=   2.05275
  26 k  0.7071072839412 bend   26   27   24      val=   0.05872
       -0.7071062784315 bend   23   27   24
  27 k  1.0000000000000 outp   27   23   26   24 val=  -0.53444
  28 k  1.0000000000000 stre   25   29           val=   2.05158
  29 k -0.7071060591978 bend   28   29   25      val=   1.48265
        0.7071075031745 bend   23   29   25
  30 k  1.0000000000000 outp   29   23   28   25 val=  -0.58460
  31 k  1.0000000000000 stre   26   31           val=   2.05004
  32 k  0.7071070779448 bend   24   31   26      val=  -0.51384
       -0.7071064844281 bend   30   31   26
  33 k  1.0000000000000 outp   31   30   24   26 val=   0.98923
  34 k  1.0000000000000 stre   28   32           val=   2.05174
  35 k  0.7071069591810 bend   25   32   28      val=  -0.47904
       -0.7071066031921 bend   30   32   28
  36 k  1.0000000000000 outp   32   30   25   28 val=   0.90004
  37 k  1.0000000000000 stre   34   37           val=   2.04799
  38 k  0.7071142847134 bend   33   37   34      val=  -0.07040
       -0.7070992775800 bend   36   37   34
  39 k  1.0000000000000 outp   37   36   33   34 val=  -1.85458
  40 k  1.0000000000000 stre   36   39           val=   2.04861
  41 k  0.7071131252985 bend   38   39   36      val=  -0.28770
       -0.7071004370176 bend   34   39   36
  42 k  1.0000000000000 outp   39   34   38   36 val=   1.91743
  43 k  1.0000000000000 stre   41   44           val=   2.04799
  44 k  0.7071142847134 bend   40   44   41      val=  -0.07040
       -0.7070992775800 bend   43   44   41
  45 k  1.0000000000000 outp   44   43   40   41 val=  -1.85458
  46 k  1.0000000000000 stre   43   46           val=   2.04849
  47 k  0.7071131630646 bend   45   46   43      val=  -0.28349
       -0.7071003992509 bend   41   46   43
  48 k  1.0000000000000 outp   46   41   45   43 val=   1.91725
  49 k  1.0000000000000 stre   48   51           val=   2.05239
  50 k  0.7071075638091 bend   50   51   48      val=  -0.08169
       -0.7071059985631 bend   47   51   48
  51 k  1.0000000000000 outp   51   47   50   48 val=  -1.13680
  52 k  1.0000000000000 stre   49   53           val=   2.05139
  53 k  0.7071082368033 bend   52   53   49      val=   0.08181
       -0.7071053255668 bend   47   53   49
  54 k  1.0000000000000 outp   53   47   52   49 val=  -1.15711
  55 k  1.0000000000000 stre   50   55           val=   2.05261
  56 k -0.7071066549635 bend   48   55   50      val=   0.28979
        0.7071069074096 bend   54   55   50
  57 k  1.0000000000000 outp   55   54   48   50 val=   0.49198
  58 k  1.0000000000000 stre   52   56           val=   2.05266
  59 k -0.7071065660416 bend   49   56   52      val=   0.27934
        0.7071069963315 bend   54   56   52
  60 k  1.0000000000000 outp   56   54   49   52 val=   0.72807
  61 k  1.0000000000000 stre   54   57           val=   2.05202
  62 k  0.7071067819169 bend   50   57   54      val=  -0.00581
       -0.7071067804562 bend   52   57   54
  63 k  1.0000000000000 outp   57   52   50   54 val=  -0.14496
  64 k  1.0000000000000 stre   59   62           val=   2.05239
  65 k  0.7071075638091 bend   61   62   59      val=  -0.08169
       -0.7071059985631 bend   58   62   59
  66 k  1.0000000000000 outp   62   58   61   59 val=  -1.13680
  67 k  1.0000000000000 stre   60   64           val=   2.05139
  68 k  0.7071082368033 bend   63   64   60      val=   0.08181
       -0.7071053255668 bend   58   64   60
  69 k  1.0000000000000 outp   64   58   63   60 val=  -1.15711
  70 k  1.0000000000000 stre   61   66           val=   2.05261
  71 k -0.7071066549635 bend   59   66   61      val=   0.28979
        0.7071069074096 bend   65   66   61
  72 k  1.0000000000000 outp   66   65   59   61 val=   0.49198
  73 k  1.0000000000000 stre   63   67           val=   2.05266
  74 k -0.7071065660416 bend   60   67   63      val=   0.27934
        0.7071069963315 bend   65   67   63
  75 k  1.0000000000000 outp   67   65   60   63 val=   0.72807
  76 k  1.0000000000000 stre   65   68           val=   2.05202
  77 k  0.7071067819169 bend   61   68   65      val=  -0.00581
       -0.7071067804562 bend   63   68   65
  78 k  1.0000000000000 outp   68   63   61   65 val=  -0.14496
  79 k  1.0000000000000 stre   47   48           val=   2.66076
  80 k  1.0000000000000 stre   48   50           val=   2.63568
  81 k  1.0000000000000 stre   50   54           val=   2.64087
  82 k  1.0000000000000 stre   54   52           val=   2.64237
  83 k  1.0000000000000 stre   52   49           val=   2.63437
  84 k  1.0000000000000 stre   49   47           val=   2.66247
  85 k -0.5000000000000 bend   47   50   48      val=  -0.88110
       -0.5000000000000 bend   48   54   50
        1.0000000000000 bend   50   52   54
       -0.5000000000000 bend   54   49   52
       -0.5000000000000 bend   52   47   49
        1.0000000000000 bend   49   48   47
  86 k  0.8660254037844 bend   47   50   48      val=   0.00272
       -0.8660254037844 bend   48   54   50
        0.8660254037844 bend   54   49   52
       -0.8660254037844 bend   52   47   49
  87 k -1.0000000000000 bend   47   50   48      val=  -0.35799
        1.0000000000000 bend   48   54   50
       -1.0000000000000 bend   50   52   54
        1.0000000000000 bend   54   49   52
       -1.0000000000000 bend   52   47   49
        1.0000000000000 bend   49   48   47
  88 k -0.5000000000000 tors   48   50   54   52 val=   0.38350
       -0.5000000000000 tors   50   54   52   49
        1.0000000000000 tors   54   52   49   47
       -0.5000000000000 tors   52   49   47   48
       -0.5000000000000 tors   49   47   48   50
        1.0000000000000 tors   47   48   50   54
  89 k  0.8660254037844 tors   48   50   54   52 val=  -0.24304
       -0.8660254037844 tors   50   54   52   49
        0.8660254037844 tors   52   49   47   48
       -0.8660254037844 tors   49   47   48   50
  90 k -1.0000000000000 tors   48   50   54   52 val=  -0.16359
        1.0000000000000 tors   50   54   52   49
       -1.0000000000000 tors   54   52   49   47
        1.0000000000000 tors   52   49   47   48
       -1.0000000000000 tors   49   47   48   50
        1.0000000000000 tors   47   48   50   54
  91 k  1.0000000000000 tors   48   47   45   42 val=  61.20467
        1.0000000000000 tors   48   47   45   43
        1.0000000000000 tors   49   47   45   42
        1.0000000000000 tors   49   47   45   43
  92 k -0.7070891991706 bend   45   48   47      val=  -0.73603
        0.7071243627653 bend   45   49   47
  93 k  1.0000000000000 outp   48   45   49   47 val=  -0.19849
  94 k  1.0000000000000 stre   58   59           val=   2.66076
  95 k  1.0000000000000 stre   59   61           val=   2.63568
  96 k  1.0000000000000 stre   61   65           val=   2.64087
  97 k  1.0000000000000 stre   65   63           val=   2.64237
  98 k  1.0000000000000 stre   63   60           val=   2.63437
  99 k  1.0000000000000 stre   60   58           val=   2.66247
 100 k -0.5000000000000 bend   58   61   59      val=  -0.88110
       -0.5000000000000 bend   59   65   61
        1.0000000000000 bend   61   63   65
       -0.5000000000000 bend   65   60   63
       -0.5000000000000 bend   63   58   60
        1.0000000000000 bend   60   59   58
 101 k  0.8660254037844 bend   58   61   59      val=   0.00272
       -0.8660254037844 bend   59   65   61
        0.8660254037844 bend   65   60   63
       -0.8660254037844 bend   63   58   60
 102 k -1.0000000000000 bend   58   61   59      val=  -0.35799
        1.0000000000000 bend   59   65   61
       -1.0000000000000 bend   61   63   65
        1.0000000000000 bend   65   60   63
       -1.0000000000000 bend   63   58   60
        1.0000000000000 bend   60   59   58
 103 k -0.5000000000000 tors   59   61   65   63 val=   0.38350
       -0.5000000000000 tors   61   65   63   60
        1.0000000000000 tors   65   63   60   58
       -0.5000000000000 tors   63   60   58   59
       -0.5000000000000 tors   60   58   59   61
        1.0000000000000 tors   58   59   61   65
 104 k  0.8660254037844 tors   59   61   65   63 val=  -0.24304
       -0.8660254037844 tors   61   65   63   60
        0.8660254037844 tors   63   60   58   59
       -0.8660254037844 tors   60   58   59   61
 105 k -1.0000000000000 tors   59   61   65   63 val=  -0.16359
        1.0000000000000 tors   61   65   63   60
       -1.0000000000000 tors   65   63   60   58
        1.0000000000000 tors   63   60   58   59
       -1.0000000000000 tors   60   58   59   61
        1.0000000000000 tors   58   59   61   65
 106 k  1.0000000000000 tors   59   58   38   35 val=  61.20467
        1.0000000000000 tors   59   58   38   36
        1.0000000000000 tors   60   58   38   35
        1.0000000000000 tors   60   58   38   36
 107 k -0.7070891991706 bend   38   59   58      val=  -0.73603
        0.7071243627653 bend   38   60   58
 108 k  1.0000000000000 outp   59   38   60   58 val=  -0.19849
 109 k  1.0000000000000 stre   45   47           val=   2.77441
 110 k  0.7071136699023 bend   43   47   45      val=   3.45692
       -0.7070998924037 bend   42   47   45
 111 k  1.0000000000000 outp   47   42   43   45 val=   0.41869
 112 k  1.0000000000000 stre   38   58           val=   2.77441
 113 k  0.7071136699023 bend   36   58   38      val=   3.45692
       -0.7070998924037 bend   35   58   38
 114 k  1.0000000000000 outp   58   35   36   38 val=   0.41869
 115 k  1.0000000000000 stre   33   34           val=   2.61128
 116 k  1.0000000000000 stre   34   36           val=   2.67922
 117 k  1.0000000000000 stre   36   38           val=   2.60863
 118 k  1.0000000000000 stre   38   35           val=   3.30764
 119 k  1.0000000000000 stre   35   33           val=   3.31538
 120 k -0.8090169943749 bend   33   36   34      val=   3.69005
        0.3090169943749 bend   34   38   36
        0.3090169943749 bend   36   35   38
       -0.8090169943749 bend   38   33   35
        1.0000000000000 bend   35   34   33
 121 k  0.5877852522925 bend   33   36   34      val=   2.88765
       -0.9510565162952 bend   34   38   36
        0.9510565162952 bend   36   35   38
       -0.5877852522925 bend   38   33   35
 122 k -0.8090169943749 tors   36   38   35   33 val=   0.29513
        0.3090169943749 tors   38   35   33   34
        0.3090169943749 tors   35   33   34   36
       -0.8090169943749 tors   33   34   36   38
        1.0000000000000 tors   34   36   38   35
 123 k  0.5877852522925 tors   36   38   35   33 val=  -0.45440
       -0.9510565162952 tors   38   35   33   34
        0.9510565162952 tors   35   33   34   36
       -0.5877852522925 tors   33   34   36   38
 124 k  1.0000000000000 tors   34   33   20   16 val= 109.25711
        1.0000000000000 tors   34   33   20   18
        1.0000000000000 tors   35   33   20   16
        1.0000000000000 tors   35   33   20   18
 125 k -0.7071058241624 bend   20   34   33      val=  -3.41917
        0.7071077382094 bend   20   35   33
 126 k  1.0000000000000 outp   34   20   35   33 val=  -0.20077
 127 k  1.0000000000000 stre   40   41           val=   2.61128
 128 k  1.0000000000000 stre   41   43           val=   2.67922
 129 k  1.0000000000000 stre   43   45           val=   2.60863
 130 k  1.0000000000000 stre   45   42           val=   3.30764
 131 k  1.0000000000000 stre   42   40           val=   3.31538
 132 k -0.8090169943749 bend   40   43   41      val=   3.69005
        0.3090169943749 bend   41   45   43
        0.3090169943749 bend   43   42   45
       -0.8090169943749 bend   45   40   42
        1.0000000000000 bend   42   41   40
 133 k  0.5877852522925 bend   40   43   41      val=   2.88765
       -0.9510565162952 bend   41   45   43
        0.9510565162952 bend   43   42   45
       -0.5877852522925 bend   45   40   42
 134 k -0.8090169943749 tors   43   45   42   40 val=   0.29513
        0.3090169943749 tors   45   42   40   41
        0.3090169943749 tors   42   40   41   43
       -0.8090169943749 tors   40   41   43   45
        1.0000000000000 tors   41   43   45   42
 135 k  0.5877852522925 tors   43   45   42   40 val=  -0.45440
       -0.9510565162952 tors   45   42   40   41
        0.9510565162952 tors   42   40   41   43
       -0.5877852522925 tors   40   41   43   45
 136 k  1.0000000000000 tors   41   40   30   26 val= 109.25711
        1.0000000000000 tors   41   40   30   28
        1.0000000000000 tors   42   40   30   26
        1.0000000000000 tors   42   40   30   28
 137 k -0.7071058241624 bend   30   41   40      val=  -3.41917
        0.7071077382094 bend   30   42   40
 138 k  1.0000000000000 outp   41   30   42   40 val=  -0.20077
 139 k  1.0000000000000 stre   20   33           val=   2.76240
 140 k  0.7071067881382 bend   18   33   20      val=   0.53748
       -0.7071067742349 bend   16   33   20
 141 k  1.0000000000000 outp   33   16   18   20 val=   0.06416
 142 k  1.0000000000000 stre   30   40           val=   2.76240
 143 k  0.7071067881382 bend   28   40   30      val=   0.53748
       -0.7071067742349 bend   26   40   30
 144 k  1.0000000000000 outp   40   26   28   30 val=   0.06416
 145 k  1.0000000000000 stre   13   15           val=   2.66596
 146 k  1.0000000000000 stre   15   18           val=   2.62256
 147 k  1.0000000000000 stre   18   20           val=   2.66492
 148 k  1.0000000000000 stre   20   16           val=   2.66803
 149 k  1.0000000000000 stre   16   14           val=   2.62038
 150 k  1.0000000000000 stre   14   13           val=   2.67111
 151 k -0.5000000000000 bend   13   18   15      val=  -1.74999
       -0.5000000000000 bend   15   20   18
        1.0000000000000 bend   18   16   20
       -0.5000000000000 bend   20   14   16
       -0.5000000000000 bend   16   13   14
        1.0000000000000 bend   14   15   13
 152 k  0.8660254037844 bend   13   18   15      val=   0.18980
       -0.8660254037844 bend   15   20   18
        0.8660254037844 bend   20   14   16
       -0.8660254037844 bend   16   13   14
 153 k -1.0000000000000 bend   13   18   15      val=   0.23481
        1.0000000000000 bend   15   20   18
       -1.0000000000000 bend   18   16   20
        1.0000000000000 bend   20   14   16
       -1.0000000000000 bend   16   13   14
        1.0000000000000 bend   14   15   13
 154 k -0.5000000000000 tors   15   18   20   16 val=  -0.36595
       -0.5000000000000 tors   18   20   16   14
        1.0000000000000 tors   20   16   14   13
       -0.5000000000000 tors   16   14   13   15
       -0.5000000000000 tors   14   13   15   18
        1.0000000000000 tors   13   15   18   20
 155 k  0.8660254037844 tors   15   18   20   16 val=  -0.11158
       -0.8660254037844 tors   18   20   16   14
        0.8660254037844 tors   16   14   13   15
       -0.8660254037844 tors   14   13   15   18
 156 k -1.0000000000000 tors   15   18   20   16 val=   0.13484
        1.0000000000000 tors   18   20   16   14
       -1.0000000000000 tors   20   16   14   13
        1.0000000000000 tors   16   14   13   15
       -1.0000000000000 tors   14   13   15   18
        1.0000000000000 tors   13   15   18   20
 157 k  1.0000000000000 tors   15   13    6    5 val=  89.16066
        1.0000000000000 tors   15   13    6    8
        1.0000000000000 tors   14   13    6    5
        1.0000000000000 tors   14   13    6    8
 158 k  0.7071069602961 bend    6   15   13      val=   0.95126
       -0.7071066020769 bend    6   14   13
 159 k  1.0000000000000 outp   15    6   14   13 val=   0.15038
 160 k  1.0000000000000 stre   23   25           val=   2.66596
 161 k  1.0000000000000 stre   25   28           val=   2.62256
 162 k  1.0000000000000 stre   28   30           val=   2.66492
 163 k  1.0000000000000 stre   30   26           val=   2.66803
 164 k  1.0000000000000 stre   26   24           val=   2.62038
 165 k  1.0000000000000 stre   24   23           val=   2.67111
 166 k -0.5000000000000 bend   23   28   25      val=  -1.74999
       -0.5000000000000 bend   25   30   28
        1.0000000000000 bend   28   26   30
       -0.5000000000000 bend   30   24   26
       -0.5000000000000 bend   26   23   24
        1.0000000000000 bend   24   25   23
 167 k  0.8660254037844 bend   23   28   25      val=   0.18980
       -0.8660254037844 bend   25   30   28
        0.8660254037844 bend   30   24   26
       -0.8660254037844 bend   26   23   24
 168 k -1.0000000000000 bend   23   28   25      val=   0.23481
        1.0000000000000 bend   25   30   28
       -1.0000000000000 bend   28   26   30
        1.0000000000000 bend   30   24   26
       -1.0000000000000 bend   26   23   24
        1.0000000000000 bend   24   25   23
 169 k -0.5000000000000 tors   25   28   30   26 val=  -0.36595
       -0.5000000000000 tors   28   30   26   24
        1.0000000000000 tors   30   26   24   23
       -0.5000000000000 tors   26   24   23   25
       -0.5000000000000 tors   24   23   25   28
        1.0000000000000 tors   23   25   28   30
 170 k  0.8660254037844 tors   25   28   30   26 val=  -0.11158
       -0.8660254037844 tors   28   30   26   24
        0.8660254037844 tors   26   24   23   25
       -0.8660254037844 tors   24   23   25   28
 171 k -1.0000000000000 tors   25   28   30   26 val=   0.13484
        1.0000000000000 tors   28   30   26   24
       -1.0000000000000 tors   30   26   24   23
        1.0000000000000 tors   26   24   23   25
       -1.0000000000000 tors   24   23   25   28
        1.0000000000000 tors   23   25   28   30
 172 k  1.0000000000000 tors   25   23    3    1 val=  89.16066
        1.0000000000000 tors   25   23    3    4
        1.0000000000000 tors   24   23    3    1
        1.0000000000000 tors   24   23    3    4
 173 k  0.7071069602961 bend    3   25   23      val=   0.95126
       -0.7071066020769 bend    3   24   23
 174 k  1.0000000000000 outp   25    3   24   23 val=   0.15038
 175 k  1.0000000000000 stre    6   13           val=   2.74207
 176 k  0.7071067979140 bend    5   13    6      val=   4.27614
       -0.7071067644591 bend    8   13    6
 177 k  1.0000000000000 outp   13    8    5    6 val=  -0.03396
 178 k  1.0000000000000 stre    3   23           val=   2.74207
 179 k  0.7071067979140 bend    4   23    3      val=   4.27614
       -0.7071067644591 bend    1   23    3
 180 k  1.0000000000000 outp   23    1    4    3 val=  -0.03396
 181 k  1.0000000000000 stre    4    3           val=   2.62541
 182 k  1.0000000000000 stre    3    1           val=   2.63046
 183 k  1.0000000000000 stre    1    2           val=   2.67702
 184 k  1.0000000000000 stre    2    5           val=   2.75484
 185 k -0.8090169943749 bend    5    3    4      val=   1.35774
        0.3090169943749 bend    4    1    3
        0.3090169943749 bend    3    2    1
       -0.8090169943749 bend    1    5    2
        1.0000000000000 bend    2    4    5
 186 k  0.5877852522925 bend    5    3    4      val=   3.50000
       -0.9510565162952 bend    4    1    3
        0.9510565162952 bend    3    2    1
       -0.5877852522925 bend    1    5    2
 187 k -0.8090169943749 tors    3    1    2    5 val=   0.09236
        0.3090169943749 tors    1    2    5    4
        0.3090169943749 tors    2    5    4    3
       -0.8090169943749 tors    5    4    3    1
        1.0000000000000 tors    4    3    1    2
 188 k  0.5877852522925 tors    3    1    2    5 val=  -0.12136
       -0.9510565162952 tors    1    2    5    4
        0.9510565162952 tors    2    5    4    3
       -0.5877852522925 tors    5    4    3    1
 189 k  1.0000000000000 stre    4    7           val=   2.75484
 190 k  1.0000000000000 stre    7    8           val=   2.67702
 191 k  1.0000000000000 stre    8    6           val=   2.63046
 192 k  1.0000000000000 stre    6    5           val=   2.62541
 193 k -0.8090169943749 bend    5    7    4      val=   0.85812
        0.3090169943749 bend    4    8    7
        0.3090169943749 bend    7    6    8
       -0.8090169943749 bend    8    5    6
        1.0000000000000 bend    6    4    5
 194 k  0.5877852522925 bend    5    7    4      val=   3.67069
       -0.9510565162952 bend    4    8    7
        0.9510565162952 bend    7    6    8
       -0.5877852522925 bend    8    5    6
 195 k -0.8090169943749 tors    7    8    6    5 val=  -0.14256
        0.3090169943749 tors    8    6    5    4
        0.3090169943749 tors    6    5    4    7
       -0.8090169943749 tors    5    4    7    8
        1.0000000000000 tors    4    7    8    6
 196 k  0.5877852522925 tors    7    8    6    5 val=  -0.04110
       -0.9510565162952 tors    8    6    5    4
        0.9510565162952 tors    6    5    4    7
       -0.5877852522925 tors    5    4    7    8
 197 k  1.0000000000000 tors    2    5    4    6 val= 180.25796
        1.0000000000000 tors    3    5    4    7
 198 k  1.0000000000000 stre    4    5           val=   2.70941
       198 non zero eigenvalues  of BmBt
           1          10.927278291    1    0
         1
           2          10.927278174    2    0
         2
           3          10.868788566    3    0
         3
           4          10.868766308    4    0
         4
           5           6.762873075    5    0
         5
           6           6.761398840    6    0
         6
           7           6.173686108    7    0
         7
           8           5.937222600    8    0
         8
           9           5.632485783    9    0
         9
          10           5.625011811   10    0
        10
          11           5.337123249   11    0
        11
          12           5.335565951   12    0
        12
          13           5.290836312   13    0
        13
          14           4.984012424   14    0
        14
          15           4.974344757   15    0
        15
          16           4.715663011   16    0
        16
          17           4.621491401   17    0
        17
          18           4.562712356   18    0
        18
          19           4.506031517   19    0
        19
          20           4.449913760   20    0
        20
          21           4.447941723   21    0
        21
          22           4.407399237   22    0
        22
          23           4.406781006   23    0
        23
          24           4.398668219   24    0
        24
          25           4.392074384   25    0
        25
          26           4.254293021   26    0
        26
          27           4.109104047   27    0
        27
          28           4.018446016   28    0
        28
          29           3.998598724   29    0
        29
          30           3.909817154   30    0
        30
          31           3.881109612   31    0
        31
          32           3.860866977   32    0
        32
          33           3.839073079   33    0
        33
          34           3.778702340   34    0
        34
          35           3.722869141   35    0
        35
          36           3.691006288   36    0
        36
          37           3.584534813   37    0
        37
          38           3.557979840   38    0
        38
          39           3.552445941   39    0
        39
          40           3.550108224   40    0
        40
          41           3.537985667   41    0
        41
          42           3.537146201   42    0
        42
          43           3.483857572   43    0
        43
          44           3.476096999   44    0
        44
          45           3.422751461   45    0
        45
          46           3.409581981   46    0
        46
          47           3.351567664   47    0
        47
          48           3.348087163   48    0
        48
          49           3.285773459   49    0
        49
          50           3.273856813   50    0
        50
          51           3.187946371   51    0
        51
          52           3.170681004   52    0
        52
          53           3.092408661   53    0
        53
          54           3.037022312   54    0
        54
          55           2.946257062   55    0
        55
          56           2.905293940   56    0
        56
          57           2.809319037   57    0
        57
          58           2.793973185   58    0
        58
          59           2.672665880   59    0
        59
          60           2.643376838   60    0
        60
          61           2.473234433   61    0
        61
          62           2.464903732   62    0
        62
          63           2.411603734   63    0
        63
          64           2.329872638   64    0
        64
          65           2.320778167   65    0
        65
          66           2.158100140   66    0
        66
          67           2.149591989   67    0
        67
          68           2.116202420   68    0
        68
          69           2.101044112   69    0
        69
          70           1.949806335   70    0
        70
          71           1.926204571   71    0
        71
          72           1.913787130   72    0
        72
          73           1.909753283   73    0
        73
          74           1.906556884   74    0
        74
          75           1.899353107   75    0
        75
          76           1.894885930   76    0
        76
          77           1.858539016   77    0
        77
          78           1.856318972   78    0
        78
          79           1.819184890   79    0
        79
          80           1.785916449   80    0
        80
          81           1.783981427   81    0
        81
          82           1.731982605   82    0
        82
          83           1.698250390   83    0
        83
          84           1.666986212   84    0
        84
          85           1.622137010   85    0
        85
          86           1.618549452   86    0
        86
          87           1.567888482   87    0
        87
          88           1.526863104   88    0
        88
          89           1.450554095   89    0
        89
          90           1.447468620   90    0
        90
          91           1.442352449   91    0
        91
          92           1.427164587   92    0
        92
          93           1.377149607   93    0
        93
          94           1.288400271   94    0
        94
          95           1.195962863   95    0
        95
          96           1.147177482   96    0
        96
          97           1.125569003   97    0
        97
          98           1.100095438   98    0
        98
          99           1.054360582   99    0
        99
         100           1.006888093  100    0
       100
         101           0.943673693  101    0
       101
         102           0.924273076  102    0
       102
         103           0.874405430  103    0
       103
         104           0.851560357  104    0
       104
         105           0.850089539  105    0
       105
         106           0.835216420  106    0
       106
         107           0.815318590  107    0
       107
         108           0.814397067  108    0
       108
         109           0.781895867  109    0
       109
         110           0.769218877  110    0
       110
         111           0.755314382  111    0
       111
         112           0.703254024  112    0
       112
         113           0.642855575  113    0
       113
         114           0.641490637  114    0
       114
         115           0.585732137  115    0
       115
         116           0.581757587  116    0
       116
         117           0.537002596  117    0
       117
         118           0.535100687  118    0
       118
         119           0.476040361  119    0
       119
         120           0.458774935  120    0
       120
         121           0.458016627  121    0
       121
         122           0.424582018  122    0
       122
         123           0.388288205  123    0
       123
         124           0.387789043  124    0
       124
         125           0.381306291  125    0
       125
         126           0.373293893  126    0
       126
         127           0.358438460  127    0
       127
         128           0.357422781  128    0
       128
         129           0.357313128  129    0
       129
         130           0.357281399  130    0
       130
         131           0.357160149  131    0
       131
         132           0.355526101  132    0
       132
         133           0.349138920  133    0
       133
         134           0.348636634  134    0
       134
         135           0.344163092  135    0
       135
         136           0.343138941  136    0
       136
         137           0.338410442  137    0
       137
         138           0.337736397  138    0
       138
         139           0.334551772  139    0
       139
         140           0.333895084  140    0
       140
         141           0.329997196  141    0
       141
         142           0.329333525  142    0
       142
         143           0.316248865  143    0
       143
         144           0.301795895  144    0
       144
         145           0.293240121  145    0
       145
         146           0.293105943  146    0
       146
         147           0.291718601  147    0
       147
         148           0.291460066  148    0
       148
         149           0.284260758  149    0
       149
         150           0.284180883  150    0
       150
         151           0.265280217  151    0
       151
         152           0.265280101  152    0
       152
         153           0.254771079  153    0
       153
         154           0.212783675  154    0
       154
         155           0.212390896  155    0
       155
         156           0.205778225  156    0
       156
         157           0.204124235  157    0
       157
         158           0.199226662  158    0
       158
         159           0.197956702  159    0
       159
         160           0.136332128  160    0
       160
         161           0.136322214  161    0
       161
         162           0.120974361  162    0
       162
         163           0.120970594  163    0
       163
         164           0.119129578  164    0
       164
         165           0.117652601  165    0
       165
         166           0.111882085  166    0
       166
         167           0.111259464  167    0
       167
         168           0.106173247  168    0
       168
         169           0.104928567  169    0
       169
         170           0.104518797  170    0
       170
         171           0.097501822  171    0
       171
         172           0.093595015  172    0
       172
         173           0.088575889  173    0
       173
         174           0.080754334  174    0
       174
         175           0.077730315  175    0
       175
         176           0.072730529  176    0
       176
         177           0.065902280  177    0
       177
         178           0.058325138  178    0
       178
         179           0.052132140  179    0
       179
         180           0.048187777  180    0
       180
         181           0.045462192  181    0
       181
         182           0.040699015  182    0
       182
         183           0.028529189  183    0
       183
         184           0.025262699  184    0
       184
         185           0.022933072  185    0
       185
         186           0.021469869  186    0
       186
         187           0.018800101  187    0
       187
         188           0.015563924  188    0
       188
         189           0.013134147  189    0
       189
         190           0.008294561  190    0
       190
         191           0.007136570  191    0
       191
         192           0.004472784  192    0
       192
         193           0.004022520  193    0
       193
         194           0.002682142  194    0
       194
         195           0.001370429  195    0
       195
         196           0.000969596  196    0
       196
         197           0.000211745  197    0
       197
         198           0.000119347  198    0
       198
$user-defined bonds
$end
