$coord
    2.29545732256857     -3.27640365538334      0.11022702495085      n
   -0.39475678844867     -3.41699927905550     -0.03830544844473      c
    3.18703010816701     -0.81163387103395     -0.03943928411951      c
    1.12836246799970      0.77403532013954     -0.24976580179036      c
   -1.12834847002840     -0.77402832115390     -0.24976580179036      c
   -3.18701611019571      0.81164087001959     -0.03943928411951      c
    0.39477078641997      3.41700627804114     -0.03830544844473      c
   -2.29544332459727      3.27622168175652      0.11022702495085      n
   -1.56997746535344     -5.40744780612382     -0.00636907693856      o
    1.56999146332474      5.40745480510946     -0.00636907693856      o
   -3.38468146283157      4.83505676196032     -0.07213154607553      h
    3.38469546080287     -4.83504976297468     -0.07213154607553      h
  -11.43151324671302     -2.64069978705923     -2.30389809925857      c
   -9.69372110250716     -1.15386327220368     -0.97598755148404      c
   -7.08193062566189     -1.41086602515278     -1.47449730316032      c
   -6.16692523611809     -3.09347816651957     -3.28391006748949      c
   -7.93476402570550     -4.55423646085529     -4.58649828519404      c
  -10.53729484454011     -4.34145329922243     -4.10518504125185      c
  -13.44388259682700     -2.46401039440672     -1.94220451900520      h
   -4.16702807842664     -3.30852899950198     -3.64371392161824      h
   -7.27128118334939     -5.89575303672712     -5.98980890534113      h
  -11.85991415916568     -5.51365041432779     -5.14699105375804      h
   -5.74683911861378      0.33448502355158      0.05712572084887      n
   -7.52544934711155      1.66995447582461      1.54415120831689      c
   -9.97547926768887      0.78745237562438      0.94038371149895      c
   -7.12728405265290      3.47917826754133      3.42669637366908      c
  -12.07231937557362      1.79033002996327      2.20083103662434      c
   -9.24982443583257      4.45578872874792      4.65539629990076      c
   -5.24757347648765      4.09069364147022      3.96281167522541      h
  -11.69890949334757      3.63545861804788      4.04463681642171      c
  -13.96374625371155      1.12798102328194      1.75882409607438      h
   -8.98828634018436      5.86552441771875      6.12295760828513      h
  -13.31027895981596      4.42989948084055      5.03466433311315      h
   12.07233337354492     -1.79032303097763      2.20064206401188      c
    9.97549326566017     -0.78744537663874      0.94038371149895      c
    7.52546334508285     -1.66994747683897      1.54415120831689      c
    7.12729805062420     -3.47917126855569      3.42688534628154      c
    9.24983843380387     -4.45578172976228      4.65539629990076      c
   11.69892349131887     -3.63545161906224      4.04463681642171      c
   13.96376025168285     -1.12797402429630      1.75882409607438      h
    5.24758747445895     -4.09068664248458      3.96281167522541      h
    8.98830033815566     -5.86551741873311      6.12295760828513      h
   13.31029295778726     -4.43008145446737      5.03466433311315      h
    5.74685311658508     -0.33447802456594      0.05712572084887      n
    7.08194462363319      1.41106199675088     -1.47449730316032      c
    9.69373510047846      1.15387027118932     -0.97598755148404      c
    6.16693923408939      3.09348516550521     -3.28391006748949      c
   11.43152724468432      2.64070678604487     -2.30408707187103      c
    7.93477802367680      4.55424345984093     -4.58649828519404      c
    4.16685310378547      3.30853599848762     -3.64371392161824      h
   10.53730884251141      4.34146029820807     -4.10518504125185      c
   13.44389659479830      2.46401739339236     -1.94220451900520      h
    7.27129518132069      5.89576003571276     -5.98961993272867      h
   11.85973918452452      5.51365741331343     -5.14699105375804      h
$redundant
     number_of_atoms            54
     degrees_of_freedom        156
     internal_coordinates      156
     frozen_coordinates          0
# definitions of redundant internals
   1 k  1.0000000000000 stre    2    9           val=   2.31172
   2 k -0.7071009879757 bend    1    9    2      val=   5.20472
        0.7071125743499 bend    5    9    2
   3 k  1.0000000000000 outp    9    5    1    2 val=   0.64621
   4 k  1.0000000000000 stre    7   10           val=   2.31172
   5 k -0.7071009936001 bend    8   10    7      val=   5.20272
        0.7071125687257 bend    4   10    7
   6 k  1.0000000000000 outp   10    4    8    7 val=   0.64603
   7 k  1.0000000000000 stre    8   11           val=   1.91041
   8 k  0.7079174818430 bend    6   11    8      val=   1.72174
       -0.7062951499912 bend    7   11    8
   9 k  1.0000000000000 outp   11    7    6    8 val=  11.27415
  10 k  1.0000000000000 stre    1   12           val=   1.91025
  11 k  0.7079152055321 bend    3   12    1      val=   1.71685
       -0.7062974315234 bend    2   12    1
  12 k  1.0000000000000 outp   12    2    3    1 val=  11.27400
  13 k  1.0000000000000 stre   13   19           val=   2.05224
  14 k  0.7071068150437 bend   18   19   13      val=   0.05363
       -0.7071067473294 bend   14   19   13
  15 k  1.0000000000000 outp   19   14   18   13 val=   0.26432
  16 k  1.0000000000000 stre   16   20           val=   2.04335
  17 k  0.7071094906448 bend   15   20   16      val=   0.57815
       -0.7071040717179 bend   17   20   16
  18 k  1.0000000000000 outp   20   17   15   16 val=  -1.34401
  19 k  1.0000000000000 stre   17   21           val=   2.05162
  20 k -0.7071067244574 bend   16   21   17      val=   0.33337
        0.7071068379157 bend   18   21   17
  21 k  1.0000000000000 outp   21   18   16   17 val=  -0.51022
  22 k  1.0000000000000 stre   18   22           val=   2.05152
  23 k  0.7071067812528 bend   13   22   18      val=   0.10934
       -0.7071067811203 bend   17   22   18
  24 k  1.0000000000000 outp   22   17   13   18 val=   0.00837
  25 k  1.0000000000000 stre   26   29           val=   2.04809
  26 k -0.7071043918551 bend   28   29   26      val=   0.79789
        0.7071091705100 bend   24   29   26
  27 k  1.0000000000000 outp   29   24   28   26 val=  -1.12017
  28 k  1.0000000000000 stre   27   31           val=   2.05221
  29 k  0.7071068608555 bend   30   31   27      val=   0.04983
       -0.7071067015175 bend   25   31   27
  30 k  1.0000000000000 outp   31   25   30   27 val=   0.43792
  31 k  1.0000000000000 stre   28   32           val=   2.05170
  32 k -0.7071067070021 bend   26   32   28      val=   0.32779
        0.7071068553710 bend   30   32   28
  33 k  1.0000000000000 outp   32   30   26   28 val=   0.48237
  34 k  1.0000000000000 stre   30   33           val=   2.05129
  35 k  0.7071071680760 bend   27   33   30      val=   0.11480
       -0.7071063942969 bend   28   33   30
  36 k  1.0000000000000 outp   33   28   27   30 val=  -0.66308
  37 k  1.0000000000000 stre   34   40           val=   2.05217
  38 k  0.7071068604161 bend   39   40   34      val=   0.04481
       -0.7071067019570 bend   35   40   34
  39 k  1.0000000000000 outp   40   35   39   34 val=   0.44725
  40 k  1.0000000000000 stre   37   41           val=   2.04804
  41 k -0.7071044546589 bend   38   41   37      val=   0.79280
        0.7071091077065 bend   36   41   37
  42 k  1.0000000000000 outp   41   36   38   37 val=  -1.11115
  43 k  1.0000000000000 stre   38   42           val=   2.05170
  44 k -0.7071067061366 bend   37   42   38      val=   0.32894
        0.7071068562364 bend   39   42   38
  45 k  1.0000000000000 outp   42   39   37   38 val=   0.48525
  46 k  1.0000000000000 stre   39   43           val=   2.05137
  47 k  0.7071071619436 bend   34   43   39      val=   0.11818
       -0.7071064004293 bend   38   43   39
  48 k  1.0000000000000 outp   43   38   34   39 val=  -0.65639
  49 k  1.0000000000000 stre   47   50           val=   2.04354
  50 k  0.7071095085000 bend   45   50   47      val=   0.57766
       -0.7071040538626 bend   49   50   47
  51 k  1.0000000000000 outp   50   49   45   47 val=  -1.34711
  52 k  1.0000000000000 stre   48   52           val=   2.05227
  53 k  0.7071068139554 bend   51   52   48      val=   0.05869
       -0.7071067484177 bend   46   52   48
  54 k  1.0000000000000 outp   52   46   51   48 val=   0.25493
  55 k  1.0000000000000 stre   49   53           val=   2.05149
  56 k -0.7071067230256 bend   47   53   49      val=   0.33434
        0.7071068393475 bend   51   53   49
  57 k  1.0000000000000 outp   53   51   47   49 val=  -0.51394
  58 k  1.0000000000000 stre   51   54           val=   2.05140
  59 k  0.7071067812192 bend   48   54   51      val=   0.11296
       -0.7071067811539 bend   49   54   51
  60 k  1.0000000000000 outp   54   49   48   51 val=   0.00584
  61 k  1.0000000000000 stre   14   13           val=   2.64461
  62 k  1.0000000000000 stre   13   18           val=   2.63379
  63 k  1.0000000000000 stre   18   17           val=   2.65520
  64 k  1.0000000000000 stre   17   16           val=   2.63739
  65 k  1.0000000000000 stre   16   15           val=   2.63484
  66 k -0.5000000000000 bend   15   13   14      val=   0.94198
       -0.5000000000000 bend   14   18   13
        1.0000000000000 bend   13   17   18
       -0.5000000000000 bend   18   16   17
       -0.5000000000000 bend   17   15   16
        1.0000000000000 bend   16   14   15
  67 k  0.8660254037844 bend   15   13   14      val=   1.22243
       -0.8660254037844 bend   14   18   13
        0.8660254037844 bend   18   16   17
       -0.8660254037844 bend   17   15   16
  68 k -1.0000000000000 bend   15   13   14      val=   0.79752
        1.0000000000000 bend   14   18   13
       -1.0000000000000 bend   13   17   18
        1.0000000000000 bend   18   16   17
       -1.0000000000000 bend   17   15   16
        1.0000000000000 bend   16   14   15
  69 k -0.5000000000000 tors   14   13   18   17 val=  -0.05611
       -0.5000000000000 tors   13   18   17   16
        1.0000000000000 tors   18   17   16   15
       -0.5000000000000 tors   17   16   15   14
       -0.5000000000000 tors   16   15   14   13
        1.0000000000000 tors   15   14   13   18
  70 k  0.8660254037844 tors   14   13   18   17 val=  -0.46969
       -0.8660254037844 tors   13   18   17   16
        0.8660254037844 tors   17   16   15   14
       -0.8660254037844 tors   16   15   14   13
  71 k -1.0000000000000 tors   14   13   18   17 val=  -0.21706
        1.0000000000000 tors   13   18   17   16
       -1.0000000000000 tors   18   17   16   15
        1.0000000000000 tors   17   16   15   14
       -1.0000000000000 tors   16   15   14   13
        1.0000000000000 tors   15   14   13   18
  72 k  1.0000000000000 tors   23   15   14   16 val= 178.49045
        1.0000000000000 tors   25   15   14   13
  73 k  1.0000000000000 stre   24   26           val=   2.64117
  74 k  1.0000000000000 stre   26   28           val=   2.63982
  75 k  1.0000000000000 stre   28   30           val=   2.65405
  76 k  1.0000000000000 stre   30   27           val=   2.63506
  77 k  1.0000000000000 stre   27   25           val=   2.64409
  78 k -0.5000000000000 bend   25   26   24      val=   0.36575
       -0.5000000000000 bend   24   28   26
        1.0000000000000 bend   26   30   28
       -0.5000000000000 bend   28   27   30
       -0.5000000000000 bend   30   25   27
        1.0000000000000 bend   27   24   25
  79 k  0.8660254037844 bend   25   26   24      val=   1.36538
       -0.8660254037844 bend   24   28   26
        0.8660254037844 bend   28   27   30
       -0.8660254037844 bend   30   25   27
  80 k -1.0000000000000 bend   25   26   24      val=  -0.73227
        1.0000000000000 bend   24   28   26
       -1.0000000000000 bend   26   30   28
        1.0000000000000 bend   28   27   30
       -1.0000000000000 bend   30   25   27
        1.0000000000000 bend   27   24   25
  81 k -0.5000000000000 tors   24   26   28   30 val=  -1.02333
       -0.5000000000000 tors   26   28   30   27
        1.0000000000000 tors   28   30   27   25
       -0.5000000000000 tors   30   27   25   24
       -0.5000000000000 tors   27   25   24   26
        1.0000000000000 tors   25   24   26   28
  82 k  0.8660254037844 tors   24   26   28   30 val=  -0.56963
       -0.8660254037844 tors   26   28   30   27
        0.8660254037844 tors   30   27   25   24
       -0.8660254037844 tors   27   25   24   26
  83 k -1.0000000000000 tors   24   26   28   30 val=  -0.52771
        1.0000000000000 tors   26   28   30   27
       -1.0000000000000 tors   28   30   27   25
        1.0000000000000 tors   30   27   25   24
       -1.0000000000000 tors   27   25   24   26
        1.0000000000000 tors   25   24   26   28
  84 k  1.0000000000000 tors   14   25   24   27 val= 182.07706
        1.0000000000000 tors   23   25   24   26
  85 k  1.0000000000000 stre   35   34           val=   2.64400
  86 k  1.0000000000000 stre   34   39           val=   2.63519
  87 k  1.0000000000000 stre   39   38           val=   2.65405
  88 k  1.0000000000000 stre   38   37           val=   2.63973
  89 k  1.0000000000000 stre   37   36           val=   2.64131
  90 k -0.5000000000000 bend   36   34   35      val=   0.84068
       -0.5000000000000 bend   35   39   34
        1.0000000000000 bend   34   38   39
       -0.5000000000000 bend   39   37   38
       -0.5000000000000 bend   38   36   37
        1.0000000000000 bend   37   35   36
  91 k  0.8660254037844 bend   36   34   35      val=   1.05036
       -0.8660254037844 bend   35   39   34
        0.8660254037844 bend   39   37   38
       -0.8660254037844 bend   38   36   37
  92 k -1.0000000000000 bend   36   34   35      val=   0.73229
        1.0000000000000 bend   35   39   34
       -1.0000000000000 bend   34   38   39
        1.0000000000000 bend   39   37   38
       -1.0000000000000 bend   38   36   37
        1.0000000000000 bend   37   35   36
  93 k -0.5000000000000 tors   35   34   39   38 val=   0.08439
       -0.5000000000000 tors   34   39   38   37
        1.0000000000000 tors   39   38   37   36
       -0.5000000000000 tors   38   37   36   35
       -0.5000000000000 tors   37   36   35   34
        1.0000000000000 tors   36   35   34   39
  94 k  0.8660254037844 tors   35   34   39   38 val=  -1.30808
       -0.8660254037844 tors   34   39   38   37
        0.8660254037844 tors   38   37   36   35
       -0.8660254037844 tors   37   36   35   34
  95 k -1.0000000000000 tors   35   34   39   38 val=  -0.53422
        1.0000000000000 tors   34   39   38   37
       -1.0000000000000 tors   39   38   37   36
        1.0000000000000 tors   38   37   36   35
       -1.0000000000000 tors   37   36   35   34
        1.0000000000000 tors   36   35   34   39
  96 k  1.0000000000000 tors   44   36   35   37 val= 177.92296
        1.0000000000000 tors   46   36   35   34
  97 k  1.0000000000000 stre   45   47           val=   2.63472
  98 k  1.0000000000000 stre   47   49           val=   2.63739
  99 k  1.0000000000000 stre   49   51           val=   2.65520
 100 k  1.0000000000000 stre   51   48           val=   2.63366
 101 k  1.0000000000000 stre   48   46           val=   2.64470
 102 k -0.5000000000000 bend   46   47   45      val=   0.44401
       -0.5000000000000 bend   45   49   47
        1.0000000000000 bend   47   51   49
       -0.5000000000000 bend   49   48   51
       -0.5000000000000 bend   51   46   48
        1.0000000000000 bend   48   45   46
 103 k  0.8660254037844 bend   46   47   45      val=   1.55437
       -0.8660254037844 bend   45   49   47
        0.8660254037844 bend   49   48   51
       -0.8660254037844 bend   51   46   48
 104 k -1.0000000000000 bend   46   47   45      val=  -0.79927
        1.0000000000000 bend   45   49   47
       -1.0000000000000 bend   47   51   49
        1.0000000000000 bend   49   48   51
       -1.0000000000000 bend   51   46   48
        1.0000000000000 bend   48   45   46
 105 k -0.5000000000000 tors   45   47   49   51 val=  -0.32923
       -0.5000000000000 tors   47   49   51   48
        1.0000000000000 tors   49   51   48   46
       -0.5000000000000 tors   51   48   46   45
       -0.5000000000000 tors   48   46   45   47
        1.0000000000000 tors   46   45   47   49
 106 k  0.8660254037844 tors   45   47   49   51 val=  -0.29106
       -0.8660254037844 tors   47   49   51   48
        0.8660254037844 tors   51   48   46   45
       -0.8660254037844 tors   48   46   45   47
 107 k -1.0000000000000 tors   45   47   49   51 val=  -0.21713
        1.0000000000000 tors   47   49   51   48
       -1.0000000000000 tors   49   51   48   46
        1.0000000000000 tors   51   48   46   45
       -1.0000000000000 tors   48   46   45   47
        1.0000000000000 tors   46   45   47   49
 108 k  1.0000000000000 tors   35   46   45   48 val= 181.51452
        1.0000000000000 tors   44   46   45   47
 109 k  1.0000000000000 stre   23   24           val=   2.67548
 110 k  1.0000000000000 stre   24   25           val=   2.67320
 111 k  1.0000000000000 stre   25   14           val=   2.74237
 112 k  1.0000000000000 stre   14   15           val=   2.67133
 113 k  1.0000000000000 stre   15   23           val=   2.67854
 114 k -0.8090169943749 bend   23   25   24      val=  -0.35910
        0.3090169943749 bend   24   14   25
        0.3090169943749 bend   25   15   14
       -0.8090169943749 bend   14   23   15
        1.0000000000000 bend   15   24   23
 115 k  0.5877852522925 bend   23   25   24      val=   0.04164
       -0.9510565162952 bend   24   14   25
        0.9510565162952 bend   25   15   14
       -0.5877852522925 bend   14   23   15
 116 k -0.8090169943749 tors   25   14   15   23 val=   0.27678
        0.3090169943749 tors   14   15   23   24
        0.3090169943749 tors   15   23   24   25
       -0.8090169943749 tors   23   24   25   14
        1.0000000000000 tors   24   25   14   15
 117 k  0.5877852522925 tors   25   14   15   23 val=  -0.49915
       -0.9510565162952 tors   14   15   23   24
        0.9510565162952 tors   15   23   24   25
       -0.5877852522925 tors   23   24   25   14
 118 k  1.0000000000000 tors   24   23    6    5 val=  50.49143
        1.0000000000000 tors   24   23    6    8
        1.0000000000000 tors   15   23    6    5
        1.0000000000000 tors   15   23    6    8
 119 k  0.7075331852259 bend    6   24   23      val=  -0.11925
       -0.7066801198591 bend    6   15   23
 120 k  1.0000000000000 outp   15   24    6   23 val=   4.95522
 121 k  1.0000000000000 stre   44   36           val=   2.67548
 122 k  1.0000000000000 stre   36   35           val=   2.67320
 123 k  1.0000000000000 stre   35   46           val=   2.74237
 124 k  1.0000000000000 stre   46   45           val=   2.67135
 125 k  1.0000000000000 stre   45   44           val=   2.67867
 126 k -0.8090169943749 bend   44   35   36      val=  -0.35739
        0.3090169943749 bend   36   46   35
        0.3090169943749 bend   35   45   46
       -0.8090169943749 bend   46   44   45
        1.0000000000000 bend   45   36   44
 127 k  0.5877852522925 bend   44   35   36      val=   0.04333
       -0.9510565162952 bend   36   46   35
        0.9510565162952 bend   35   45   46
       -0.5877852522925 bend   46   44   45
 128 k -0.8090169943749 tors   35   46   45   44 val=   0.27906
        0.3090169943749 tors   46   45   44   36
        0.3090169943749 tors   45   44   36   35
       -0.8090169943749 tors   44   36   35   46
        1.0000000000000 tors   36   35   46   45
 129 k  0.5877852522925 tors   35   46   45   44 val=  -0.50245
       -0.9510565162952 tors   46   45   44   36
        0.9510565162952 tors   45   44   36   35
       -0.5877852522925 tors   44   36   35   46
 130 k  1.0000000000000 tors   36   44    3    1 val=  50.49303
        1.0000000000000 tors   36   44    3    4
        1.0000000000000 tors   45   44    3    1
        1.0000000000000 tors   45   44    3    4
 131 k  0.7075335352532 bend    3   36   44      val=  -0.11869
       -0.7066797694091 bend    3   45   44
 132 k  1.0000000000000 outp   45   36    3   44 val=   4.95239
 133 k  1.0000000000000 stre    6   23           val=   2.60570
 134 k  0.7071113911346 bend    5   23    6      val=   5.81842
       -0.7071021712084 bend    8   23    6
 135 k  1.0000000000000 outp   23    8    5    6 val=  -0.48463
 136 k  1.0000000000000 stre    3   44           val=   2.60570
 137 k  0.7071113889165 bend    4   44    3      val=   5.81911
       -0.7071021734266 bend    1   44    3
 138 k  1.0000000000000 outp   44    1    4    3 val=  -0.48438
 139 k  1.0000000000000 stre    4    3           val=   2.60705
 140 k  1.0000000000000 stre    3    1           val=   2.62534
 141 k  1.0000000000000 stre    1    2           val=   2.69798
 142 k  1.0000000000000 stre    2    5           val=   2.75103
 143 k -0.8090169943749 bend    5    3    4      val=   2.05302
        0.3090169943749 bend    4    1    3
        0.3090169943749 bend    3    2    1
       -0.8090169943749 bend    1    5    2
        1.0000000000000 bend    2    4    5
 144 k  0.5877852522925 bend    5    3    4      val=   2.44066
       -0.9510565162952 bend    4    1    3
        0.9510565162952 bend    3    2    1
       -0.5877852522925 bend    1    5    2
 145 k -0.8090169943749 tors    3    1    2    5 val=   0.72902
        0.3090169943749 tors    1    2    5    4
        0.3090169943749 tors    2    5    4    3
       -0.8090169943749 tors    5    4    3    1
        1.0000000000000 tors    4    3    1    2
 146 k  0.5877852522925 tors    3    1    2    5 val=  -0.40584
       -0.9510565162952 tors    1    2    5    4
        0.9510565162952 tors    2    5    4    3
       -0.5877852522925 tors    5    4    3    1
 147 k  1.0000000000000 stre    4    7           val=   2.75103
 148 k  1.0000000000000 stre    7    8           val=   2.69799
 149 k  1.0000000000000 stre    8    6           val=   2.62516
 150 k  1.0000000000000 stre    6    5           val=   2.60705
 151 k -0.8090169943749 bend    5    7    4      val=  -0.29608
        0.3090169943749 bend    4    8    7
        0.3090169943749 bend    7    6    8
       -0.8090169943749 bend    8    5    6
        1.0000000000000 bend    6    4    5
 152 k  0.5877852522925 bend    5    7    4      val=   3.24654
       -0.9510565162952 bend    4    8    7
        0.9510565162952 bend    7    6    8
       -0.5877852522925 bend    8    5    6
 153 k -0.8090169943749 tors    7    8    6    5 val=  -0.81707
        0.3090169943749 tors    8    6    5    4
        0.3090169943749 tors    6    5    4    7
       -0.8090169943749 tors    5    4    7    8
        1.0000000000000 tors    4    7    8    6
 154 k  0.5877852522925 tors    7    8    6    5 val=   0.12239
       -0.9510565162952 tors    8    6    5    4
        0.9510565162952 tors    6    5    4    7
       -0.5877852522925 tors    5    4    7    8
 155 k  1.0000000000000 tors    2    5    4    6 val= 189.52257
        1.0000000000000 tors    3    5    4    7
 156 k  1.0000000000000 stre    4    5           val=   2.73665
       156 non zero eigenvalues  of BmBt
           1          10.547342635    1    0
         1
           2          10.545628849    2    0
         2
           3          10.371571599    3    0
         3
           4          10.371473456    4    0
         4
           5           6.424895688    5    0
         5
           6           6.280919118    6    0
         6
           7           5.818035586    7    0
         7
           8           5.705254424    8    0
         8
           9           5.400567163    9    0
         9
          10           5.390150528   10    0
        10
          11           5.326090865   11    0
        11
          12           4.992516761   12    0
        12
          13           4.901604335   13    0
        13
          14           4.661639072   14    0
        14
          15           4.633541592   15    0
        15
          16           4.577489241   16    0
        16
          17           4.573339214   17    0
        17
          18           4.573249467   18    0
        18
          19           4.555328103   19    0
        19
          20           4.283408013   20    0
        20
          21           4.145488547   21    0
        21
          22           4.138850866   22    0
        22
          23           4.129970189   23    0
        23
          24           4.119615591   24    0
        24
          25           4.046624553   25    0
        25
          26           3.961817747   26    0
        26
          27           3.896151852   27    0
        27
          28           3.773387720   28    0
        28
          29           3.654830200   29    0
        29
          30           3.654305477   30    0
        30
          31           3.629741944   31    0
        31
          32           3.614727028   32    0
        32
          33           3.474179626   33    0
        33
          34           3.469964005   34    0
        34
          35           3.457924222   35    0
        35
          36           3.456083348   36    0
        36
          37           3.299479397   37    0
        37
          38           3.258553560   38    0
        38
          39           3.157606465   39    0
        39
          40           3.156795370   40    0
        40
          41           3.152040960   41    0
        41
          42           3.144913109   42    0
        42
          43           2.984684384   43    0
        43
          44           2.981963578   44    0
        44
          45           2.935513238   45    0
        45
          46           2.911542247   46    0
        46
          47           2.796870888   47    0
        47
          48           2.718830928   48    0
        48
          49           2.643335445   49    0
        49
          50           2.625179432   50    0
        50
          51           2.434724307   51    0
        51
          52           2.408058476   52    0
        52
          53           2.317162271   53    0
        53
          54           2.231553101   54    0
        54
          55           2.228627913   55    0
        55
          56           2.181137613   56    0
        56
          57           2.088094397   57    0
        57
          58           2.002138145   58    0
        58
          59           1.910810873   59    0
        59
          60           1.907291059   60    0
        60
          61           1.863622673   61    0
        61
          62           1.839889591   62    0
        62
          63           1.786464436   63    0
        63
          64           1.758696731   64    0
        64
          65           1.738986202   65    0
        65
          66           1.728587012   66    0
        66
          67           1.727268493   67    0
        67
          68           1.725258812   68    0
        68
          69           1.700999818   69    0
        69
          70           1.698538328   70    0
        70
          71           1.679713608   71    0
        71
          72           1.640628969   72    0
        72
          73           1.449608236   73    0
        73
          74           1.374993562   74    0
        74
          75           1.359068951   75    0
        75
          76           1.339044310   76    0
        76
          77           1.326515657   77    0
        77
          78           1.305569053   78    0
        78
          79           1.216266175   79    0
        79
          80           1.213808207   80    0
        80
          81           1.110937632   81    0
        81
          82           1.063994914   82    0
        82
          83           1.009207513   83    0
        83
          84           0.984307317   84    0
        84
          85           0.925565781   85    0
        85
          86           0.821982342   86    0
        86
          87           0.788631832   87    0
        87
          88           0.770773871   88    0
        88
          89           0.768156604   89    0
        89
          90           0.762797263   90    0
        90
          91           0.723540303   91    0
        91
          92           0.676721511   92    0
        92
          93           0.631587127   93    0
        93
          94           0.615274448   94    0
        94
          95           0.569853229   95    0
        95
          96           0.551685837   96    0
        96
          97           0.490109231   97    0
        97
          98           0.484338111   98    0
        98
          99           0.427813289   99    0
        99
         100           0.388930340  100    0
       100
         101           0.388605724  101    0
       101
         102           0.383254699  102    0
       102
         103           0.383230848  103    0
       103
         104           0.383010623  104    0
       104
         105           0.382993071  105    0
       105
         106           0.374890839  106    0
       106
         107           0.362213733  107    0
       107
         108           0.359411621  108    0
       108
         109           0.339165787  109    0
       109
         110           0.334174114  110    0
       110
         111           0.334159930  111    0
       111
         112           0.320290797  112    0
       112
         113           0.319966294  113    0
       113
         114           0.314584845  114    0
       114
         115           0.314231543  115    0
       115
         116           0.307236546  116    0
       116
         117           0.303527303  117    0
       117
         118           0.299477310  118    0
       118
         119           0.272807460  119    0
       119
         120           0.272765457  120    0
       120
         121           0.272338284  121    0
       121
         122           0.271666387  122    0
       122
         123           0.255658121  123    0
       123
         124           0.203844518  124    0
       124
         125           0.200385504  125    0
       125
         126           0.175871451  126    0
       126
         127           0.167700364  127    0
       127
         128           0.136348984  128    0
       128
         129           0.135918227  129    0
       129
         130           0.130814238  130    0
       130
         131           0.130788417  131    0
       131
         132           0.123829966  132    0
       132
         133           0.121462279  133    0
       133
         134           0.105496154  134    0
       134
         135           0.097964837  135    0
       135
         136           0.090165941  136    0
       136
         137           0.090063008  137    0
       137
         138           0.086979197  138    0
       138
         139           0.076091575  139    0
       139
         140           0.070329835  140    0
       140
         141           0.061056530  141    0
       141
         142           0.047483467  142    0
       142
         143           0.043036978  143    0
       143
         144           0.036846619  144    0
       144
         145           0.036227920  145    0
       145
         146           0.029729639  146    0
       146
         147           0.023846107  147    0
       147
         148           0.020867018  148    0
       148
         149           0.020062793  149    0
       149
         150           0.015177812  150    0
       150
         151           0.008723572  151    0
       151
         152           0.006720345  152    0
       152
         153           0.005304968  153    0
       153
         154           0.002617890  154    0
       154
         155           0.001165170  155    0
       155
         156           0.000829907  156    0
       156
$user-defined bonds
$end
