$coord
   -1.85182073820061     -3.25317706658049      0.00224562454477      n
    0.81569776205988     -3.05341411794630      0.13069030923558      c
   -3.07468141070719     -0.92701869347239     -0.14229952672786      c
   -1.18144039548962      0.88897031777048     -0.11172375803141      c
    1.23389415343957     -0.33782098507533      0.05529023686301      c
    3.12826900433192      1.47782787546511      0.09045804004230      c
   -0.76067397658044      3.60652876581106     -0.18493174809942      c
    1.90858307171470      3.80408073487944     -0.05282099472683      n
    2.22860819092008     -4.89495222639411      0.26720412447854      o
   -2.17005061758759      5.44831253865507     -0.32273057710713      o
    2.75412212891726      5.51176954192001     -0.07368357114270      h
   -2.69531889118857     -4.96164066133215      0.02040589260242      h
   11.16049320527001      0.69661509554482      0.53983491247830      c
    9.59527085076498     -1.44514380232229      0.52602101450729      c
    6.98289455882107     -1.16627691811126      0.37852789048025      c
    5.79378439490030     -2.84027190834976      0.36941941055955      h
    5.85727919268773      1.24410654837140      0.24146605466114      c
    7.46598414532040      3.37715380880398      0.25873815144022      c
    6.69660105094027      5.27663092023282      0.15924407097867      h
   10.06615280649923      3.11501100079590      0.40488956991878      c
   11.29706371229672      4.75448069473748      0.41966722821335      h
   10.38315436390520     -3.33127944731127      0.62916226638936      h
   13.72265947408262      0.63506671566576      0.67941008404316      o
   14.98788780630331     -1.75976430481123      0.83659750308954      c
   14.50744383637845     -2.90172580192259     -0.83038660322660      h
   14.33899364962931     -2.76628913057066      2.53096374095149      h
   17.82045498628862     -1.27455822505232      0.96114935196362      c
   18.74434208861815     -3.09889982576604      1.32125556227231      h
   18.21720298615379     -0.07475221126617      2.60638271058531      h
   18.92900612551659     -0.07352388928517     -1.43419189456702      c
   17.97014019262022      1.72566545670978     -1.79819094069244      h
   18.51647891251078     -1.29742391116029     -3.06062247824868      h
   21.78663107391443      0.36090524950505     -1.24954675492984      c
   22.80226437959455     -1.41891440371248     -0.94068991712100      h
   22.52923674910862      1.21525043044836     -2.98195317968051      h
   22.25036986489759      1.62739969822924      0.32323450407370      h
  -11.11172441326308     -0.17647616855478     -0.57279803517886      c
  -10.01974617214808     -2.58925958721571     -0.42847965104119      c
   -7.40020781819184     -2.82487064043406     -0.28863991781888      c
   -6.62392722345682     -4.72115411471228     -0.17937595329302      h
   -5.80497661282775     -0.69794609264526     -0.28790292463028      c
   -6.94302637686113      1.72024194273211     -0.43594406923346      c
   -5.75945311048551      3.39780851534614     -0.43866527485292      h
   -9.54321393530120      1.96949681857025     -0.57606726137446      c
  -10.41481231576235      3.82191974949590     -0.69052797274304      h
  -11.17569164258167     -4.27788105765881     -0.42413328095455      h
  -13.63494342664715      0.27412902586224     -0.71679516587534      o
  -15.36377826902228     -1.81373488293054     -0.71120157654645      c
  -15.10199450897787     -2.91856326169300      1.02865036913525      h
  -14.96223036480055     -3.04166002145112     -2.33562905053601      h
  -18.04006509850104     -0.76968009633605     -0.86334342684007      c
  -19.32307575355446     -2.38811713851055     -1.07835646529999      h
  -18.21533719656008      0.35997928370399     -2.59437035151977      h
  -18.83361779001514      0.80895931365382      1.43620760243329      c
  -17.52902646261849      2.40301888882065      1.64746008590521      h
  -18.63491308801073     -0.34343347166546      3.15272143047586      h
  -21.55202661481180      1.78840436404736      1.23714385246521      c
  -22.90690355438474      0.22813309198885      1.07950289914893      h
  -22.07052966888662      2.90483566121502      2.90059417092829      h
  -21.79175727098183      2.99692201526803     -0.42853634282493      h
$redundant
     number_of_atoms            60
     degrees_of_freedom        174
     internal_coordinates      174
     frozen_coordinates          0
# definitions of redundant internals
   1 k  1.0000000000000 stre    2    9           val=   2.32513
   2 k -0.7071067757054 bend    1    9    2      val=   5.23072
        0.7071067866677 bend    5    9    2
   3 k  1.0000000000000 outp    9    5    1    2 val=  -0.02037
   4 k  1.0000000000000 stre    7   10           val=   2.32325
   5 k -0.7071067811408 bend    8   10    7      val=   5.25184
        0.7071067812323 bend    4   10    7
   6 k  1.0000000000000 outp   10    4    8    7 val=   0.00186
   7 k  1.0000000000000 stre    8   11           val=   1.90567
   8 k  0.7071070753803 bend    6   11    8      val=   2.73619
       -0.7071064869927 bend    7   11    8
   9 k  1.0000000000000 outp   11    7    6    8 val=  -0.18804
  10 k  1.0000000000000 stre    1   12           val=   1.90543
  11 k  0.7071067829024 bend    3   12    1      val=   2.73846
       -0.7071067794707 bend    2   12    1
  12 k  1.0000000000000 outp   12    2    3    1 val=   0.01445
  13 k  1.0000000000000 stre   15   16           val=   2.05337
  14 k  0.7071067812143 bend   14   16   15      val=  -0.13086
       -0.7071067811588 bend   17   16   15
  15 k  1.0000000000000 outp   16   17   14   15 val=  -0.00620
  16 k  1.0000000000000 stre   18   19           val=   2.05179
  17 k -0.7071067766630 bend   20   19   18      val=   1.48224
        0.7071067857101 bend   17   19   18
  18 k  1.0000000000000 outp   19   17   20   18 val=   0.05065
  19 k  1.0000000000000 stre   20   21           val=   2.05018
  20 k  0.7071067906330 bend   18   21   20      val=   1.21286
       -0.7071067717401 bend   13   21   20
  21 k  1.0000000000000 outp   21   13   18   20 val=  -0.04743
  22 k  1.0000000000000 stre   14   22           val=   2.04668
  23 k -0.7071067808495 bend   15   22   14      val=   1.12340
        0.7071067815236 bend   13   22   14
  24 k  1.0000000000000 outp   22   13   15   14 val=   0.01303
  25 k  1.0000000000000 stre   24   26           val=   2.07486
  26 k  1.0000000000000 stre   24   25           val=   2.07695
  27 k  0.0188584817280 bend   25   26   24      val=   0.75509
        0.5021023049990 bend   23   26   24
        0.5021433145924 bend   23   25   24
       -0.4977826219323 bend   27   26   24
       -0.4975964086426 bend   27   25   24
  28 k -0.0015222319695 bend   25   26   24      val=   0.03573
        0.5112992014414 bend   23   26   24
       -0.5097915761345 bend   23   25   24
        0.4898443290694 bend   27   26   24
       -0.4886060699542 bend   27   25   24
  29 k -0.8919367330062 bend   25   26   24      val=   1.50763
        0.2323801852789 bend   23   26   24
        0.2343524338509 bend   23   25   24
        0.2175519508085 bend   27   26   24
        0.2195413383659 bend   27   25   24
  30 k -0.0000222299929 bend   25   26   24      val=   0.01175
       -0.4891556896263 bend   23   26   24
        0.4892969064508 bend   23   25   24
        0.5105418579878 bend   27   26   24
       -0.5105509371180 bend   27   25   24
  31 k  1.0000000000000 stre   27   29           val=   2.07454
  32 k  1.0000000000000 stre   27   28           val=   2.07641
  33 k  0.0404839494065 bend   28   29   27      val=   0.73625
        0.5045537659245 bend   24   29   27
        0.4901807758813 bend   24   28   27
       -0.5045214071455 bend   30   29   27
       -0.4989664355647 bend   30   28   27
  34 k  0.0262797859056 bend   28   29   27      val=   0.69406
       -0.4847196003945 bend   24   29   27
        0.4852066131347 bend   24   28   27
       -0.5170522059544 bend   30   29   27
        0.5114565873407 bend   30   28   27
  35 k  0.9070973761315 bend   28   29   27      val=   3.23362
       -0.2140902556836 bend   24   29   27
       -0.2430214053337 bend   24   28   27
       -0.1793572262224 bend   30   29   27
       -0.2002780432003 bend   30   28   27
  36 k -0.0042154972573 bend   28   29   27      val=   0.39289
        0.5109170882869 bend   24   29   27
       -0.5177461453438 bend   24   28   27
       -0.4786828332473 bend   30   29   27
        0.4916783833109 bend   30   28   27
  37 k  1.0000000000000 stre   30   31           val=   2.07099
  38 k  1.0000000000000 stre   30   32           val=   2.07687
  39 k  0.0125544910336 bend   32   31   30      val=   0.21077
       -0.5031645720257 bend   33   31   30
       -0.4985367796370 bend   33   32   30
        0.5005372102325 bend   27   31   30
        0.4975855491621 bend   27   32   30
  40 k  0.0142801076710 bend   32   31   30      val=   0.11835
       -0.5074816394507 bend   33   31   30
        0.5033267720112 bend   33   32   30
       -0.4975649729121 bend   27   31   30
        0.4912735719058 bend   27   32   30
  41 k  0.9047978139178 bend   32   31   30      val=   1.83703
       -0.1985955061672 bend   33   31   30
       -0.2146979594420 bend   33   32   30
       -0.2116555096400 bend   27   31   30
       -0.2258483391799 bend   27   32   30
  42 k -0.0005772840868 bend   32   31   30      val=   0.05887
        0.4928295498746 bend   33   31   30
       -0.4961013382720 bend   33   32   30
       -0.5033137027973 bend   27   31   30
        0.5076194246231 bend   27   32   30
  43 k  1.0000000000000 tors   35   33   30   27 val=  59.83751
        1.0000000000000 tors   36   33   30   27
        1.0000000000000 tors   34   33   30   27
  44 k  1.0000000000000 stre   33   35           val=   2.06944
  45 k  1.0000000000000 stre   33   36           val=   2.07188
  46 k  1.0000000000000 stre   33   34           val=   2.07236
  47 k  0.4196508909633 bend   36   35   33      val=   1.55948
        0.4226029587795 bend   34   35   33
        0.4196616987032 bend   34   36   33
       -0.3959978461842 bend   30   35   33
       -0.3954671122152 bend   30   36   33
       -0.3949372058437 bend   30   34   33
  48 k -0.3512708581298 bend   36   35   33      val=   0.01326
       -0.3322545235783 bend   34   35   33
        0.6845998790610 bend   34   36   33
       -0.4454612500808 bend   30   35   33
        0.2165662484274 bend   30   36   33
        0.2284776927813 bend   30   34   33
  49 k  0.6353949296418 bend   36   35   33      val=   0.10135
       -0.6444147214998 bend   34   35   33
        0.0128234973372 bend   34   36   33
       -0.0062089946108 bend   30   35   33
        0.3031773648157 bend   30   36   33
       -0.2981332619236 bend   30   34   33
  50 k  0.2242158343312 bend   36   35   33      val=   0.02566
        0.2202528818432 bend   34   35   33
       -0.4458054970509 bend   34   36   33
       -0.6838030963401 bend   30   35   33
        0.3413855326270 bend   30   36   33
        0.3440096365260 bend   30   34   33
  51 k -0.3008936705480 bend   36   35   33      val=  -0.04285
        0.3005211305579 bend   34   35   33
       -0.0001481575029 bend   34   36   33
       -0.0025331745289 bend   30   35   33
        0.6416617877558 bend   30   36   33
       -0.6382897150374 bend   30   34   33
  52 k  1.0000000000000 stre   39   40           val=   2.05194
  53 k -0.7071067811667 bend   38   40   39      val=   1.65820
        0.7071067812064 bend   41   40   39
  54 k  1.0000000000000 outp   40   41   38   39 val=  -0.00253
  55 k  1.0000000000000 stre   42   43           val=   2.05307
  56 k  0.7071067821096 bend   44   43   42      val=   0.06427
       -0.7071067802635 bend   41   43   42
  57 k  1.0000000000000 outp   43   41   44   42 val=  -0.02099
  58 k  1.0000000000000 stre   44   45           val=   2.05043
  59 k  0.7071067812455 bend   42   45   44      val=   1.08829
       -0.7071067811275 bend   37   45   44
  60 k  1.0000000000000 outp   45   37   42   44 val=   0.00387
  61 k  1.0000000000000 stre   38   46           val=   2.04638
  62 k -0.7071067807280 bend   39   46   38      val=   1.00536
        0.7071067816451 bend   37   46   38
  63 k  1.0000000000000 outp   46   37   39   38 val=   0.01593
  64 k  1.0000000000000 stre   48   50           val=   2.07553
  65 k  1.0000000000000 stre   48   49           val=   2.07756
  66 k  0.0160973562317 bend   49   50   48      val=   0.71266
        0.5028252393983 bend   47   50   48
        0.5020273068286 bend   47   49   48
       -0.4973240090932 bend   51   50   48
       -0.4975390104548 bend   51   49   48
  67 k -0.0017466358542 bend   49   50   48      val=   0.02632
        0.5120670081679 bend   47   50   48
       -0.5112572887779 bend   47   49   48
        0.4889532288572 bend   51   50   48
       -0.4871601924119 bend   51   49   48
  68 k -0.8921216751513 bend   49   50   48      val=   1.45542
        0.2306383546461 bend   47   50   48
        0.2330973575415 bend   47   49   48
        0.2188565348198 bend   51   50   48
        0.2206633299060 bend   51   49   48
  69 k -0.0002182525561 bend   49   50   48      val=   0.02356
        0.4880123938578 bend   47   50   48
       -0.4881026052072 bend   47   49   48
       -0.5114319730229 bend   51   50   48
        0.5118955357951 bend   51   49   48
  70 k  1.0000000000000 stre   51   53           val=   2.07444
  71 k  1.0000000000000 stre   51   52           val=   2.07646
  72 k  0.0404149754444 bend   52   53   51      val=   0.73542
        0.5046430592287 bend   48   53   51
        0.4900894161773 bend   48   52   51
       -0.5043679483274 bend   54   53   51
       -0.4991265865320 bend   54   52   51
  73 k  0.0262771425809 bend   52   53   51      val=   0.68488
       -0.4847034586337 bend   48   53   51
        0.4852987840903 bend   48   52   51
       -0.5172122574097 bend   54   53   51
        0.5112226911160 bend   54   52   51
  74 k  0.9070328052782 bend   52   53   51      val=   3.22116
       -0.2139899017410 bend   48   53   51
       -0.2432068864478 bend   48   52   51
       -0.1795441319231 bend   54   53   51
       -0.2002851147198 bend   54   52   51
  75 k -0.0043947213042 bend   52   53   51      val=   0.41170
        0.5109895349243 bend   48   53   51
       -0.5175927236567 bend   48   52   51
       -0.4786795421779 bend   54   53   51
        0.4917662553902 bend   54   52   51
  76 k  1.0000000000000 stre   54   55           val=   2.07065
  77 k  1.0000000000000 stre   54   56           val=   2.07700
  78 k  0.0128868578820 bend   56   55   54      val=   0.21617
       -0.5033995564032 bend   57   55   54
       -0.4983485485054 bend   57   56   54
        0.5003739322648 bend   51   55   54
        0.4976921414082 bend   51   56   54
  79 k  0.0148893112089 bend   56   55   54      val=   0.11236
       -0.5076341503266 bend   57   55   54
        0.5034468678016 bend   57   56   54
       -0.4977922514264 bend   51   55   54
        0.4907443362429 bend   51   56   54
  80 k  0.9047414609639 bend   56   55   54      val=   1.82866
       -0.1979523211379 bend   57   55   54
       -0.2151100230503 bend   57   56   54
       -0.2116625657304 bend   51   55   54
       -0.2262397038998 bend   51   56   54
  81 k -0.0008293588946 bend   56   55   54      val=   0.08539
        0.4927510497094 bend   57   55   54
       -0.4958815005160 bend   57   56   54
       -0.5033119291662 bend   51   55   54
        0.5079117586541 bend   51   56   54
  82 k  1.0000000000000 tors   59   57   54   51 val=  59.85234
        1.0000000000000 tors   60   57   54   51
        1.0000000000000 tors   58   57   54   51
  83 k  1.0000000000000 stre   57   59           val=   2.06938
  84 k  1.0000000000000 stre   57   60           val=   2.07183
  85 k  1.0000000000000 stre   57   58           val=   2.07244
  86 k  0.4193072336369 bend   60   59   57      val=   1.55923
        0.4224945626314 bend   58   59   57
        0.4201071370067 bend   58   60   57
       -0.3961548051829 bend   54   59   57
       -0.3954599969958 bend   54   60   57
       -0.3947943045552 bend   54   58   57
  87 k -0.3513607117841 bend   60   59   57      val=   0.00044
       -0.3328796921475 bend   58   59   57
        0.6843901927630 bend   58   60   57
       -0.4451733404532 bend   54   59   57
        0.2168568736827 bend   54   60   57
        0.2283432024529 bend   54   58   57
  88 k  0.6355803592937 bend   60   59   57      val=   0.09880
       -0.6440850673279 bend   58   59   57
        0.0125442774824 bend   58   60   57
       -0.0061266057674 bend   54   59   57
        0.3031965815095 bend   54   60   57
       -0.2984442522321 bend   54   58   57
  89 k  0.2240920377136 bend   60   59   57      val=   0.02520
        0.2203281163070 bend   58   59   57
       -0.4456174845332 bend   58   60   57
       -0.6839647315285 bend   54   59   57
        0.3414328890275 bend   54   60   57
        0.3439173819274 bend   54   58   57
  90 k -0.3010273823885 bend   60   59   57      val=  -0.03060
        0.3007110178322 bend   58   59   57
       -0.0001382250771 bend   58   60   57
       -0.0023693519154 bend   54   59   57
        0.6415204253278 bend   54   60   57
       -0.6382799618970 bend   54   58   57
  91 k  1.0000000000000 tors   33   30   27   24 val= 180.59869
  92 k  1.0000000000000 stre   30   33           val=   2.89635
  93 k  1.0000000000000 bend   27   33   30      val= 112.74513
  94 k  1.0000000000000 tors   57   54   51   48 val= 181.00732
  95 k  1.0000000000000 stre   54   57           val=   2.89632
  96 k  1.0000000000000 bend   51   57   54      val= 112.73198
  97 k  1.0000000000000 tors   30   27   24   23 val= -65.17614
  98 k  1.0000000000000 stre   27   30           val=   2.89983
  99 k  1.0000000000000 bend   24   30   27      val= 114.23846
 100 k  1.0000000000000 tors   54   51   48   47 val= -64.57385
 101 k  1.0000000000000 stre   51   54           val=   2.89996
 102 k  1.0000000000000 bend   48   54   51      val= 114.21757
 103 k  1.0000000000000 tors   27   24   23   13 val= 179.80955
 104 k  1.0000000000000 stre   24   27           val=   2.87652
 105 k  1.0000000000000 bend   23   27   24      val= 108.23025
 106 k  1.0000000000000 tors   51   48   47   37 val= 179.47218
 107 k  1.0000000000000 stre   48   51           val=   2.87675
 108 k  1.0000000000000 bend   47   51   48      val= 108.28154
 109 k  1.0000000000000 tors   24   23   13   14 val=  89.70326
        1.0000000000000 tors   24   23   13   20
 110 k  1.0000000000000 stre   23   24           val=   2.71307
 111 k  1.0000000000000 bend   13   24   23      val= 119.33003
 112 k  1.0000000000000 tors   48   47   37   38 val=  90.34209
        1.0000000000000 tors   48   47   37   44
 113 k  1.0000000000000 stre   47   48           val=   2.71073
 114 k  1.0000000000000 bend   37   48   47      val= 119.44207
 115 k  1.0000000000000 stre   13   23           val=   2.56670
 116 k  0.7071068306436 bend   14   23   13      val=   4.46081
       -0.7071067317294 bend   20   23   13
 117 k  1.0000000000000 outp   23   20   14   13 val=   0.06286
 118 k  1.0000000000000 stre   37   47           val=   2.56718
 119 k  0.7071068285138 bend   38   47   37      val=   4.28920
       -0.7071067338593 bend   44   47   37
 120 k  1.0000000000000 outp   47   44   38   37 val=   0.06265
 121 k  1.0000000000000 stre   17   15           val=   2.66378
 122 k  1.0000000000000 stre   15   14           val=   2.63136
 123 k  1.0000000000000 stre   14   13           val=   2.65278
 124 k  1.0000000000000 stre   13   20           val=   2.65790
 125 k  1.0000000000000 stre   20   18           val=   2.61743
 126 k  1.0000000000000 stre   18   17           val=   2.67173
 127 k -0.5000000000000 bend   17   14   15      val=  -1.00641
       -0.5000000000000 bend   15   13   14
        1.0000000000000 bend   14   20   13
       -0.5000000000000 bend   13   18   20
       -0.5000000000000 bend   20   17   18
        1.0000000000000 bend   18   15   17
 128 k  0.8660254037844 bend   17   14   15      val=   0.03669
       -0.8660254037844 bend   15   13   14
        0.8660254037844 bend   13   18   20
       -0.8660254037844 bend   20   17   18
 129 k -1.0000000000000 bend   17   14   15      val=  -0.62890
        1.0000000000000 bend   15   13   14
       -1.0000000000000 bend   14   20   13
        1.0000000000000 bend   13   18   20
       -1.0000000000000 bend   20   17   18
        1.0000000000000 bend   18   15   17
 130 k -0.5000000000000 tors   15   14   13   20 val=  -0.00302
       -0.5000000000000 tors   14   13   20   18
        1.0000000000000 tors   13   20   18   17
       -0.5000000000000 tors   20   18   17   15
       -0.5000000000000 tors   18   17   15   14
        1.0000000000000 tors   17   15   14   13
 131 k  0.8660254037844 tors   15   14   13   20 val=   0.01952
       -0.8660254037844 tors   14   13   20   18
        0.8660254037844 tors   20   18   17   15
       -0.8660254037844 tors   18   17   15   14
 132 k -1.0000000000000 tors   15   14   13   20 val=  -0.00722
        1.0000000000000 tors   14   13   20   18
       -1.0000000000000 tors   13   20   18   17
        1.0000000000000 tors   20   18   17   15
       -1.0000000000000 tors   18   17   15   14
        1.0000000000000 tors   17   15   14   13
 133 k  1.0000000000000 tors   15   17    6    5 val=  90.15546
        1.0000000000000 tors   15   17    6    8
        1.0000000000000 tors   18   17    6    5
        1.0000000000000 tors   18   17    6    8
 134 k  0.7071068427690 bend    6   15   17      val=  -1.03800
       -0.7071067196041 bend    6   18   17
 135 k  1.0000000000000 outp   18   15    6   17 val=  -0.03505
 136 k  1.0000000000000 stre   41   39           val=   2.65868
 137 k  1.0000000000000 stre   39   38           val=   2.63383
 138 k  1.0000000000000 stre   38   37           val=   2.65231
 139 k  1.0000000000000 stre   37   44           val=   2.65809
 140 k  1.0000000000000 stre   44   42           val=   2.61586
 141 k  1.0000000000000 stre   42   41           val=   2.67670
 142 k -0.5000000000000 bend   41   38   39      val=  -1.00434
       -0.5000000000000 bend   39   37   38
        1.0000000000000 bend   38   44   37
       -0.5000000000000 bend   37   42   44
       -0.5000000000000 bend   44   41   42
        1.0000000000000 bend   42   39   41
 143 k  0.8660254037844 bend   41   38   39      val=   0.48871
       -0.8660254037844 bend   39   37   38
        0.8660254037844 bend   37   42   44
       -0.8660254037844 bend   44   41   42
 144 k -1.0000000000000 bend   41   38   39      val=  -0.63315
        1.0000000000000 bend   39   37   38
       -1.0000000000000 bend   38   44   37
        1.0000000000000 bend   37   42   44
       -1.0000000000000 bend   44   41   42
        1.0000000000000 bend   42   39   41
 145 k -0.5000000000000 tors   39   38   37   44 val=   0.01433
       -0.5000000000000 tors   38   37   44   42
        1.0000000000000 tors   37   44   42   41
       -0.5000000000000 tors   44   42   41   39
       -0.5000000000000 tors   42   41   39   38
        1.0000000000000 tors   41   39   38   37
 146 k  0.8660254037844 tors   39   38   37   44 val=   0.03897
       -0.8660254037844 tors   38   37   44   42
        0.8660254037844 tors   44   42   41   39
       -0.8660254037844 tors   42   41   39   38
 147 k -1.0000000000000 tors   39   38   37   44 val=  -0.02005
        1.0000000000000 tors   38   37   44   42
       -1.0000000000000 tors   37   44   42   41
        1.0000000000000 tors   44   42   41   39
       -1.0000000000000 tors   42   41   39   38
        1.0000000000000 tors   41   39   38   37
 148 k  1.0000000000000 tors   39   41    3    1 val=  90.10296
        1.0000000000000 tors   39   41    3    4
        1.0000000000000 tors   42   41    3    1
        1.0000000000000 tors   42   41    3    4
 149 k  0.7071067834577 bend    3   39   41      val=   0.96472
       -0.7071067789154 bend    3   42   41
 150 k  1.0000000000000 outp   39    3   42   41 val=  -0.01476
 151 k  1.0000000000000 stre    6   17           val=   2.74316
 152 k  0.7071068068742 bend    5   17    6      val=   4.31906
       -0.7071067554989 bend    8   17    6
 153 k  1.0000000000000 outp   17    8    5    6 val=   0.04176
 154 k  1.0000000000000 stre    3   41           val=   2.74375
 155 k  0.7071067812126 bend    4   41    3      val=   4.37577
       -0.7071067811605 bend    1   41    3
 156 k  1.0000000000000 outp   41    1    4    3 val=   0.00132
 157 k  1.0000000000000 stre    4    3           val=   2.62357
 158 k  1.0000000000000 stre    3    1           val=   2.63198
 159 k  1.0000000000000 stre    1    2           val=   2.67807
 160 k  1.0000000000000 stre    2    5           val=   2.74864
 161 k -0.8090169943749 bend    5    3    4      val=   1.35869
        0.3090169943749 bend    4    1    3
        0.3090169943749 bend    3    2    1
       -0.8090169943749 bend    1    5    2
        1.0000000000000 bend    2    4    5
 162 k  0.5877852522925 bend    5    3    4      val=   3.53746
       -0.9510565162952 bend    4    1    3
        0.9510565162952 bend    3    2    1
       -0.5877852522925 bend    1    5    2
 163 k -0.8090169943749 tors    3    1    2    5 val=   0.02199
        0.3090169943749 tors    1    2    5    4
        0.3090169943749 tors    2    5    4    3
       -0.8090169943749 tors    5    4    3    1
        1.0000000000000 tors    4    3    1    2
 164 k  0.5877852522925 tors    3    1    2    5 val=   0.01920
       -0.9510565162952 tors    1    2    5    4
        0.9510565162952 tors    2    5    4    3
       -0.5877852522925 tors    5    4    3    1
 165 k  1.0000000000000 stre    4    7           val=   2.75091
 166 k  1.0000000000000 stre    7    8           val=   2.67982
 167 k  1.0000000000000 stre    8    6           val=   2.63052
 168 k  1.0000000000000 stre    6    5           val=   2.62421
 169 k -0.8090169943749 bend    5    7    4      val=   0.88953
        0.3090169943749 bend    4    8    7
        0.3090169943749 bend    7    6    8
       -0.8090169943749 bend    8    5    6
        1.0000000000000 bend    6    4    5
 170 k  0.5877852522925 bend    5    7    4      val=   3.68362
       -0.9510565162952 bend    4    8    7
        0.9510565162952 bend    7    6    8
       -0.5877852522925 bend    8    5    6
 171 k -0.8090169943749 tors    7    8    6    5 val=   0.03045
        0.3090169943749 tors    8    6    5    4
        0.3090169943749 tors    6    5    4    7
       -0.8090169943749 tors    5    4    7    8
        1.0000000000000 tors    4    7    8    6
 172 k  0.5877852522925 tors    7    8    6    5 val=   0.01101
       -0.9510565162952 tors    8    6    5    4
        0.9510565162952 tors    6    5    4    7
       -0.5877852522925 tors    5    4    7    8
 173 k  1.0000000000000 tors    2    5    4    6 val= 179.92448
        1.0000000000000 tors    3    5    4    7
 174 k  1.0000000000000 stre    4    5           val=   2.71418
       174 non zero eigenvalues  of BmBt
           1          10.934511032    1    0
         1
           2          10.934100266    2    0
         2
           3           6.195628428    3    0
         3
           4           5.937155661    4    0
         4
           5           5.684052893    5    0
         5
           6           5.578806941    6    0
         6
           7           5.444492303    7    0
         7
           8           5.375392096    8    0
         8
           9           5.248773035    9    0
         9
          10           4.907362702   10    0
        10
          11           4.788446779   11    0
        11
          12           4.546097657   12    0
        12
          13           4.475572381   13    0
        13
          14           4.427355512   14    0
        14
          15           4.422626194   15    0
        15
          16           4.320039676   16    0
        16
          17           4.318552248   17    0
        17
          18           4.208712407   18    0
        18
          19           4.138116565   19    0
        19
          20           4.108397734   20    0
        20
          21           3.991309547   21    0
        21
          22           3.958134065   22    0
        22
          23           3.897924514   23    0
        23
          24           3.868326645   24    0
        24
          25           3.813903232   25    0
        25
          26           3.740332280   26    0
        26
          27           3.665108321   27    0
        27
          28           3.634207951   28    0
        28
          29           3.570382396   29    0
        29
          30           3.550657679   30    0
        30
          31           3.534124511   31    0
        31
          32           3.502593340   32    0
        32
          33           3.484595531   33    0
        33
          34           3.440666961   34    0
        34
          35           3.363431114   35    0
        35
          36           3.344571803   36    0
        36
          37           3.212839596   37    0
        37
          38           3.175648332   38    0
        38
          39           3.096871882   39    0
        39
          40           3.053790392   40    0
        40
          41           3.033504791   41    0
        41
          42           3.010313477   42    0
        42
          43           2.924883856   43    0
        43
          44           2.855867445   44    0
        44
          45           2.617622926   45    0
        45
          46           2.581480000   46    0
        46
          47           2.545243303   47    0
        47
          48           2.529980671   48    0
        48
          49           2.425727285   49    0
        49
          50           2.376695608   50    0
        50
          51           2.373862302   51    0
        51
          52           2.312403181   52    0
        52
          53           2.309607754   53    0
        53
          54           2.159326147   54    0
        54
          55           2.139377054   55    0
        55
          56           2.001013828   56    0
        56
          57           1.977189974   57    0
        57
          58           1.948306774   58    0
        58
          59           1.908484436   59    0
        59
          60           1.906948935   60    0
        60
          61           1.880034450   61    0
        61
          62           1.799408592   62    0
        62
          63           1.787749699   63    0
        63
          64           1.741784292   64    0
        64
          65           1.697746350   65    0
        65
          66           1.660928430   66    0
        66
          67           1.637330726   67    0
        67
          68           1.596346856   68    0
        68
          69           1.543790845   69    0
        69
          70           1.525908416   70    0
        70
          71           1.512591629   71    0
        71
          72           1.406556752   72    0
        72
          73           1.160259689   73    0
        73
          74           1.053970874   74    0
        74
          75           1.047956437   75    0
        75
          76           1.005658364   76    0
        76
          77           0.966607285   77    0
        77
          78           0.966186226   78    0
        78
          79           0.943465372   79    0
        79
          80           0.878925044   80    0
        80
          81           0.878915989   81    0
        81
          82           0.844026288   82    0
        82
          83           0.787873508   83    0
        83
          84           0.786603075   84    0
        84
          85           0.783783919   85    0
        85
          86           0.766667343   86    0
        86
          87           0.765840200   87    0
        87
          88           0.762088217   88    0
        88
          89           0.751551694   89    0
        89
          90           0.746391941   90    0
        90
          91           0.741638459   91    0
        91
          92           0.740379209   92    0
        92
          93           0.693284466   93    0
        93
          94           0.689723575   94    0
        94
          95           0.684294933   95    0
        95
          96           0.684290956   96    0
        96
          97           0.652596673   97    0
        97
          98           0.615832556   98    0
        98
          99           0.601502374   99    0
        99
         100           0.566086076  100    0
       100
         101           0.551355196  101    0
       101
         102           0.520957422  102    0
       102
         103           0.479922636  103    0
       103
         104           0.457166381  104    0
       104
         105           0.450126242  105    0
       105
         106           0.425716702  106    0
       106
         107           0.410040430  107    0
       107
         108           0.392658032  108    0
       108
         109           0.373754065  109    0
       109
         110           0.371613214  110    0
       110
         111           0.368556561  111    0
       111
         112           0.357800107  112    0
       112
         113           0.357710851  113    0
       113
         114           0.347383142  114    0
       114
         115           0.339348642  115    0
       115
         116           0.336682861  116    0
       116
         117           0.336345427  117    0
       117
         118           0.333006230  118    0
       118
         119           0.325340933  119    0
       119
         120           0.325082379  120    0
       120
         121           0.324572809  121    0
       121
         122           0.308994738  122    0
       122
         123           0.307939443  123    0
       123
         124           0.301020951  124    0
       124
         125           0.288813745  125    0
       125
         126           0.288626033  126    0
       126
         127           0.286809326  127    0
       127
         128           0.286201791  128    0
       128
         129           0.275969529  129    0
       129
         130           0.275742629  130    0
       130
         131           0.258196930  131    0
       131
         132           0.258089452  132    0
       132
         133           0.254430939  133    0
       133
         134           0.223106364  134    0
       134
         135           0.222814147  135    0
       135
         136           0.217193247  136    0
       136
         137           0.216497362  137    0
       137
         138           0.200243235  138    0
       138
         139           0.197808439  139    0
       139
         140           0.167297505  140    0
       140
         141           0.167247029  141    0
       141
         142           0.118468735  142    0
       142
         143           0.116125879  143    0
       143
         144           0.113305354  144    0
       144
         145           0.110297446  145    0
       145
         146           0.103589012  146    0
       146
         147           0.099225219  147    0
       147
         148           0.093807610  148    0
       148
         149           0.091428912  149    0
       149
         150           0.080802635  150    0
       150
         151           0.074968289  151    0
       151
         152           0.071451458  152    0
       152
         153           0.062875920  153    0
       153
         154           0.056717440  154    0
       154
         155           0.054487087  155    0
       155
         156           0.051317602  156    0
       156
         157           0.047870656  157    0
       157
         158           0.039463069  158    0
       158
         159           0.037933460  159    0
       159
         160           0.032299306  160    0
       160
         161           0.025793589  161    0
       161
         162           0.023782172  162    0
       162
         163           0.019176938  163    0
       163
         164           0.015754084  164    0
       164
         165           0.012734573  165    0
       165
         166           0.011604640  166    0
       166
         167           0.006717246  167    0
       167
         168           0.005508345  168    0
       168
         169           0.005011876  169    0
       169
         170           0.004290750  170    0
       170
         171           0.001991583  171    0
       171
         172           0.001508631  172    0
       172
         173           0.000374758  173    0
       173
         174           0.000225531  174    0
       174
$user-defined bonds
$end
