$coord
   -2.22937604963538      0.87299205347805     -3.21669180933799      n
    0.45233429382105      0.87374794392790     -3.28642270333668      c
   -3.19427020886930      0.25089421325125     -0.84773113950712      c
   -1.13163414384027     -0.18204204190052      0.71469442033346      c
    1.13169083562401      0.18210818231487     -0.71469442033347      c
    3.19432690065304     -0.25082807283689      0.84773113950712      c
   -0.45227760203731     -0.87368180351355      3.28642270333668      c
    2.22924376880666     -0.87292591306370      3.21669180933798      n
    1.70427785138562      1.37093488731694     -5.17614882796245      o
   -1.70422115960188     -1.37086874690259      5.17614882796245      o
    3.30922224903029     -1.28809874264398      4.73565366831218      h
   -3.30935452985901      1.28816488305833     -4.73565366831218      h
  -10.25731057227058      0.37939558972580     -1.01950724423560      c
   -7.79858791151999      0.64357930194848     -2.08134435366282      c
   -9.65770047292682      2.29897938712066     -5.74741303543682      c
   -9.29506202961114      2.23945301419495     -7.77792375634721      h
  -11.96807963289429      0.73409718331806     -5.06144245219766      c
  -11.71636811309413     -1.23216284935506     -5.67598138792597      h
   -5.85840609936671      0.15470715350780     -0.38285851284918      c
  -10.19532755538285     -0.28805567749202      1.48135630909414      c
  -11.79195715807917     -0.60496274859176      2.71421363279999      h
   -7.13416020610157     -0.61970261236384      2.58911376334977      s
    7.79864460330373     -0.64351316153413      2.08134435366282      c
   10.25736726405432     -0.37951842192391      1.01950724423560      c
   11.96813632467803     -0.73422001551617      5.06144245219766      c
   11.71642480487788      1.23204001715695      5.67598138792596      h
    9.65775716471056     -2.29910221931877      5.74741303543682      c
    9.29511872139488     -2.23957584639305      7.77792375634721      h
   10.19519527455413      0.28812181790638     -1.48135630909414      c
   11.79182487725045      0.60483991639365     -2.71421363280000      h
    5.85846279115045     -0.15464101309344      0.38285851284918      c
    7.13421689788531      0.61976875277820     -2.58911376334977      s
  -12.41462191614336      0.79872581678026     -2.38710204062727      o
   -7.42366624839424      1.28665310215863     -4.55972016610952      o
   -9.90657740354004      4.26750709114332     -5.14610218258090      h
  -13.66297499407114      1.51153051098910     -5.94621222374745      h
    7.42372294017798     -1.28658696174428      4.55972016610952      o
   12.41448963531464     -0.79865967636590      2.38710204062727      o
    9.90663409532378     -4.26744095072897      5.14610218258090      h
   13.66284271324242     -1.51165334318721      5.94621222374745      h
$redundant
     number_of_atoms            40
     degrees_of_freedom        114
     internal_coordinates      114
     frozen_coordinates          0
# definitions of redundant internals
   1 k  1.0000000000000 stre    2    9           val=   2.32069
   2 k -0.7071067786518 bend    1    9    2      val=   4.47465
        0.7071067837213 bend    5    9    2
   3 k  1.0000000000000 outp    9    5    1    2 val=  -0.01519
   4 k  1.0000000000000 stre    7   10           val=   2.32069
   5 k -0.7071067786472 bend    8   10    7      val=   4.47460
        0.7071067837259 bend    4   10    7
   6 k  1.0000000000000 outp   10    4    8    7 val=   0.01521
   7 k  1.0000000000000 stre    8   11           val=   1.90944
   8 k  0.7071068435518 bend    6   11    8      val=   0.52287
       -0.7071067188213 bend    7   11    8
   9 k  1.0000000000000 outp   11    7    6    8 val=   0.14637
  10 k  1.0000000000000 stre    1   12           val=   1.90944
  11 k  0.7071068438720 bend    3   12    1      val=   0.52474
       -0.7071067185011 bend    2   12    1
  12 k  1.0000000000000 outp   12    2    3    1 val=  -0.14642
  13 k  1.0000000000000 stre   15   16           val=   2.06350
  14 k  1.0000000000000 stre   15   35           val=   2.07331
  15 k  0.0733693048976 bend   35   16   15      val=   1.66199
        0.4790125685147 bend   34   16   15
        0.5123081377154 bend   34   35   15
       -0.5071573540858 bend   17   16   15
       -0.4954752209053 bend   17   35   15
  16 k  0.0134923832134 bend   35   16   15      val=   0.72871
        0.5054003506068 bend   34   16   15
       -0.4781588648306 bend   34   35   15
        0.4999626151512 bend   17   16   15
       -0.5155481787736 bend   17   35   15
  17 k  0.8938683380768 bend   35   16   15      val=   0.84871
       -0.2667593035238 bend   34   16   15
       -0.2446211171136 bend   34   35   15
       -0.1842278967113 bend   17   16   15
       -0.1898932839851 bend   17   35   15
  18 k -0.0112758248187 bend   35   16   15      val=   1.45020
       -0.5075798901911 bend   34   16   15
        0.5077923939792 bend   34   35   15
        0.5024257090095 bend   17   16   15
       -0.4816127099562 bend   17   35   15
  19 k  1.0000000000000 stre   17   36           val=   2.06395
  20 k  1.0000000000000 stre   17   18           val=   2.07538
  21 k  0.0499911145725 bend   18   36   17      val=   1.27103
        0.4804044888568 bend   33   36   17
        0.5167205528361 bend   33   18   17
       -0.5044883222297 bend   15   36   17
       -0.4951805918659 bend   15   18   17
  22 k  0.0159863948867 bend   18   36   17      val=   0.87158
        0.5152623620371 bend   33   36   17
       -0.4858554024215 bend   33   18   17
        0.4916763376644 bend   15   36   17
       -0.5064069908337 bend   15   18   17
  23 k  0.8961424910991 bend   18   36   17      val=   0.98615
       -0.2557826017254 bend   33   36   17
       -0.2311115815198 bend   33   18   17
       -0.1953106238370 bend   15   36   17
       -0.1998626863751 bend   15   18   17
  24 k -0.0115389518953 bend   18   36   17      val=   1.49498
       -0.4998981589978 bend   33   36   17
        0.4979841576839 bend   33   18   17
        0.5127778563224 bend   15   36   17
       -0.4889164877369 bend   15   18   17
  25 k  1.0000000000000 stre   20   21           val=   2.04196
  26 k  0.7071078710275 bend   13   21   20      val=   3.21869
       -0.7071056913439 bend   22   21   20
  27 k  1.0000000000000 outp   21   22   13   20 val=  -0.19468
  28 k  1.0000000000000 stre   25   40           val=   2.06380
  29 k  1.0000000000000 stre   25   26           val=   2.07538
  30 k  0.0499134704823 bend   26   40   25      val=   1.26958
        0.4805135514811 bend   38   40   25
        0.5166324201688 bend   38   26   25
       -0.5045004880984 bend   27   40   25
       -0.4951621676243 bend   27   26   25
  31 k  0.0156870869912 bend   26   40   25      val=   0.86876
        0.5153191859528 bend   38   40   25
       -0.4858766184225 bend   38   26   25
        0.4917268661756 bend   27   40   25
       -0.5062890998651 bend   27   26   25
  32 k  0.8961499554158 bend   26   40   25      val=   0.98607
       -0.2555582615034 bend   38   40   25
       -0.2312525262485 bend   38   26   25
       -0.1952281957492 bend   27   40   25
       -0.2000336298573 bend   27   26   25
  33 k -0.0114901245996 bend   26   40   25      val=   1.48929
       -0.4998322193764 bend   38   40   25
        0.4979880703589 bend   38   26   25
        0.5127342505009 bend   27   40   25
       -0.4890267882780 bend   27   26   25
  34 k  1.0000000000000 stre   27   28           val=   2.06350
  35 k  1.0000000000000 stre   27   39           val=   2.07313
  36 k  0.0733393255406 bend   39   28   27      val=   1.66146
        0.4789596079655 bend   37   28   27
        0.5123615381067 bend   37   39   27
       -0.5071255622821 bend   25   28   27
       -0.4955081791613 bend   25   39   27
  37 k  0.0137624768487 bend   39   28   27      val=   0.72939
        0.5053383338550 bend   37   28   27
       -0.4782206566141 bend   37   39   27
        0.4998986343661 bend   25   28   27
       -0.5156065568960 bend   25   39   27
  38 k  0.8938585640379 bend   39   28   27      val=   0.84677
       -0.2669087059964 bend   37   28   27
       -0.2444693866092 bend   37   39   27
       -0.1843918102358 bend   25   28   27
       -0.1897656172449 bend   25   39   27
  39 k -0.0112871878611 bend   39   28   27      val=   1.45208
       -0.5076122324028 bend   37   28   27
        0.5077501506475 bend   37   39   27
        0.5024777168406 bend   25   28   27
       -0.4815686342582 bend   25   39   27
  40 k  1.0000000000000 stre   29   30           val=   2.04193
  41 k  0.7071077742760 bend   24   30   29      val=   3.21606
       -0.7071057880957 bend   32   30   29
  42 k  1.0000000000000 outp   30   32   24   29 val=   0.18589
  43 k  1.0000000000000 stre   13   33           val=   2.58846
  44 k  1.0000000000000 stre   33   17           val=   2.71213
  45 k  1.0000000000000 stre   17   15           val=   2.87355
  46 k  1.0000000000000 stre   15   34           val=   2.72513
  47 k  1.0000000000000 stre   34   14           val=   2.58775
  48 k -0.5000000000000 bend   14   33   13      val=   0.96474
       -0.5000000000000 bend   13   17   33
        1.0000000000000 bend   33   15   17
       -0.5000000000000 bend   17   34   15
       -0.5000000000000 bend   15   14   34
        1.0000000000000 bend   34   13   14
  49 k  0.8660254037844 bend   14   33   13      val=   1.95029
       -0.8660254037844 bend   13   17   33
        0.8660254037844 bend   17   34   15
       -0.8660254037844 bend   15   14   34
  50 k -1.0000000000000 bend   14   33   13      val=  -0.16236
        1.0000000000000 bend   13   17   33
       -1.0000000000000 bend   33   15   17
        1.0000000000000 bend   17   34   15
       -1.0000000000000 bend   15   14   34
        1.0000000000000 bend   34   13   14
  51 k -0.5000000000000 tors   13   33   17   15 val= -10.12066
       -0.5000000000000 tors   33   17   15   34
        1.0000000000000 tors   17   15   34   14
       -0.5000000000000 tors   15   34   14   13
       -0.5000000000000 tors   34   14   13   33
        1.0000000000000 tors   14   13   33   17
  52 k  0.8660254037844 tors   13   33   17   15 val= -23.01873
       -0.8660254037844 tors   33   17   15   34
        0.8660254037844 tors   15   34   14   13
       -0.8660254037844 tors   34   14   13   33
  53 k -1.0000000000000 tors   13   33   17   15 val=  31.34495
        1.0000000000000 tors   33   17   15   34
       -1.0000000000000 tors   17   15   34   14
        1.0000000000000 tors   15   34   14   13
       -1.0000000000000 tors   34   14   13   33
        1.0000000000000 tors   14   13   33   17
  54 k  1.0000000000000 tors   19   14   13   34 val= 179.94979
        1.0000000000000 tors   20   14   13   33
  55 k  1.0000000000000 stre   23   37           val=   2.58775
  56 k  1.0000000000000 stre   37   27           val=   2.72520
  57 k  1.0000000000000 stre   27   25           val=   2.87355
  58 k  1.0000000000000 stre   25   38           val=   2.71210
  59 k  1.0000000000000 stre   38   24           val=   2.58828
  60 k -0.5000000000000 bend   24   37   23      val=   0.97880
       -0.5000000000000 bend   23   27   37
        1.0000000000000 bend   37   25   27
       -0.5000000000000 bend   27   38   25
       -0.5000000000000 bend   25   24   38
        1.0000000000000 bend   38   23   24
  61 k  0.8660254037844 bend   24   37   23      val=   1.93754
       -0.8660254037844 bend   23   27   37
        0.8660254037844 bend   27   38   25
       -0.8660254037844 bend   25   24   38
  62 k -1.0000000000000 bend   24   37   23      val=   0.16167
        1.0000000000000 bend   23   27   37
       -1.0000000000000 bend   37   25   27
        1.0000000000000 bend   27   38   25
       -1.0000000000000 bend   25   24   38
        1.0000000000000 bend   38   23   24
  63 k -0.5000000000000 tors   23   37   27   25 val=  12.20110
       -0.5000000000000 tors   37   27   25   38
        1.0000000000000 tors   27   25   38   24
       -0.5000000000000 tors   25   38   24   23
       -0.5000000000000 tors   38   24   23   37
        1.0000000000000 tors   24   23   37   27
  64 k  0.8660254037844 tors   23   37   27   25 val=  21.63516
       -0.8660254037844 tors   37   27   25   38
        0.8660254037844 tors   25   38   24   23
       -0.8660254037844 tors   38   24   23   37
  65 k -1.0000000000000 tors   23   37   27   25 val= -31.33992
        1.0000000000000 tors   37   27   25   38
       -1.0000000000000 tors   27   25   38   24
        1.0000000000000 tors   25   38   24   23
       -1.0000000000000 tors   38   24   23   37
        1.0000000000000 tors   24   23   37   27
  66 k  1.0000000000000 tors   29   24   23   38 val= 179.95427
        1.0000000000000 tors   31   24   23   37
  67 k  1.0000000000000 stre   19   14           val=   2.62453
  68 k  1.0000000000000 stre   14   13           val=   2.69121
  69 k  1.0000000000000 stre   13   20           val=   2.58914
  70 k  1.0000000000000 stre   20   22           val=   3.27229
  71 k  1.0000000000000 stre   22   19           val=   3.32564
  72 k -0.8090169943749 bend   19   13   14      val=   3.98164
        0.3090169943749 bend   14   20   13
        0.3090169943749 bend   13   22   20
       -0.8090169943749 bend   20   19   22
        1.0000000000000 bend   22   14   19
  73 k  0.5877852522925 bend   19   13   14      val=   3.99289
       -0.9510565162952 bend   14   20   13
        0.9510565162952 bend   13   22   20
       -0.5877852522925 bend   20   19   22
  74 k -0.8090169943749 tors   13   20   22   19 val=  -0.19766
        0.3090169943749 tors   20   22   19   14
        0.3090169943749 tors   22   19   14   13
       -0.8090169943749 tors   19   14   13   20
        1.0000000000000 tors   14   13   20   22
  75 k  0.5877852522925 tors   13   20   22   19 val=  -0.35091
       -0.9510565162952 tors   20   22   19   14
        0.9510565162952 tors   22   19   14   13
       -0.5877852522925 tors   19   14   13   20
  76 k  1.0000000000000 tors   14   19    3    1 val=  89.77006
        1.0000000000000 tors   14   19    3    4
        1.0000000000000 tors   22   19    3    1
        1.0000000000000 tors   22   19    3    4
  77 k  0.7071155697154 bend    3   14   19      val=   2.47262
       -0.7070979925484 bend    3   22   19
  78 k  1.0000000000000 outp   14    3   22   19 val=  -0.40683
  79 k  1.0000000000000 stre   31   23           val=   2.62453
  80 k  1.0000000000000 stre   23   24           val=   2.69119
  81 k  1.0000000000000 stre   24   29           val=   2.58919
  82 k  1.0000000000000 stre   29   32           val=   3.27211
  83 k  1.0000000000000 stre   32   31           val=   3.32564
  84 k -0.8090169943749 bend   31   24   23      val=   3.98171
        0.3090169943749 bend   23   29   24
        0.3090169943749 bend   24   32   29
       -0.8090169943749 bend   29   31   32
        1.0000000000000 bend   32   23   31
  85 k  0.5877852522925 bend   31   24   23      val=   3.99656
       -0.9510565162952 bend   23   29   24
        0.9510565162952 bend   24   32   29
       -0.5877852522925 bend   29   31   32
  86 k -0.8090169943749 tors   24   29   32   31 val=   0.19196
        0.3090169943749 tors   29   32   31   23
        0.3090169943749 tors   32   31   23   24
       -0.8090169943749 tors   31   23   24   29
        1.0000000000000 tors   23   24   29   32
  87 k  0.5877852522925 tors   24   29   32   31 val=   0.34894
       -0.9510565162952 tors   29   32   31   23
        0.9510565162952 tors   32   31   23   24
       -0.5877852522925 tors   31   23   24   29
  88 k  1.0000000000000 tors   23   31    6    5 val=  90.22991
        1.0000000000000 tors   23   31    6    8
        1.0000000000000 tors   32   31    6    5
        1.0000000000000 tors   32   31    6    8
  89 k  0.7071155719282 bend    6   23   31      val=   2.47262
       -0.7070979903356 bend    6   32   31
  90 k  1.0000000000000 outp   23    6   32   31 val=   0.40683
  91 k  1.0000000000000 stre    3   19           val=   2.70610
  92 k  0.7071069713633 bend    4   19    3      val=   5.07817
       -0.7071065910098 bend    1   19    3
  93 k  1.0000000000000 outp   19    1    4    3 val=  -0.10503
  94 k  1.0000000000000 stre    6   31           val=   2.70610
  95 k  0.7071069714309 bend    5   31    6      val=   5.07625
       -0.7071065909422 bend    8   31    6
  96 k  1.0000000000000 outp   31    8    5    6 val=   0.10506
  97 k  1.0000000000000 stre    4    3           val=   2.62356
  98 k  1.0000000000000 stre    3    1           val=   2.63249
  99 k  1.0000000000000 stre    1    2           val=   2.68262
 100 k  1.0000000000000 stre    2    5           val=   2.74840
 101 k -0.8090169943749 bend    5    3    4      val=   1.68273
        0.3090169943749 bend    4    1    3
        0.3090169943749 bend    3    2    1
       -0.8090169943749 bend    1    5    2
        1.0000000000000 bend    2    4    5
 102 k  0.5877852522925 bend    5    3    4      val=   3.06353
       -0.9510565162952 bend    4    1    3
        0.9510565162952 bend    3    2    1
       -0.5877852522925 bend    1    5    2
 103 k -0.8090169943749 tors    3    1    2    5 val=  -0.07899
        0.3090169943749 tors    1    2    5    4
        0.3090169943749 tors    2    5    4    3
       -0.8090169943749 tors    5    4    3    1
        1.0000000000000 tors    4    3    1    2
 104 k  0.5877852522925 tors    3    1    2    5 val=   0.02460
       -0.9510565162952 tors    1    2    5    4
        0.9510565162952 tors    2    5    4    3
       -0.5877852522925 tors    5    4    3    1
 105 k  1.0000000000000 stre    4    7           val=   2.74840
 106 k  1.0000000000000 stre    7    8           val=   2.68243
 107 k  1.0000000000000 stre    8    6           val=   2.63256
 108 k  1.0000000000000 stre    6    5           val=   2.62356
 109 k -0.8090169943749 bend    5    7    4      val=   0.35254
        0.3090169943749 bend    4    8    7
        0.3090169943749 bend    7    6    8
       -0.8090169943749 bend    8    5    6
        1.0000000000000 bend    6    4    5
 110 k  0.5877852522925 bend    5    7    4      val=   3.52041
       -0.9510565162952 bend    4    8    7
        0.9510565162952 bend    7    6    8
       -0.5877852522925 bend    8    5    6
 111 k -0.8090169943749 tors    7    8    6    5 val=  -0.07762
        0.3090169943749 tors    8    6    5    4
        0.3090169943749 tors    6    5    4    7
       -0.8090169943749 tors    5    4    7    8
        1.0000000000000 tors    4    7    8    6
 112 k  0.5877852522925 tors    7    8    6    5 val=   0.02890
       -0.9510565162952 tors    8    6    5    4
        0.9510565162952 tors    6    5    4    7
       -0.5877852522925 tors    5    4    7    8
 113 k  1.0000000000000 tors    2    5    4    6 val= 180.00000
        1.0000000000000 tors    3    5    4    7
 114 k  1.0000000000000 stre    4    5           val=   2.70155
       114 non zero eigenvalues  of BmBt
           1           8.099928602    1    0
         1
           2           8.098800355    2    0
         2
           3           6.172488371    3    0
         3
           4           5.857105221    4    0
         4
           5           5.397855477    5    0
         5
           6           4.713665423    6    0
         6
           7           4.700945120    7    0
         7
           8           4.499284641    8    0
         8
           9           4.410320453    9    0
         9
          10           4.289802063   10    0
        10
          11           4.279518505   11    0
        11
          12           4.154186878   12    0
        12
          13           4.038157246   13    0
        13
          14           3.984145390   14    0
        14
          15           3.924591835   15    0
        15
          16           3.859783582   16    0
        16
          17           3.828002763   17    0
        17
          18           3.737517380   18    0
        18
          19           3.589563003   19    0
        19
          20           3.575409985   20    0
        20
          21           3.471738293   21    0
        21
          22           3.415871127   22    0
        22
          23           3.330383019   23    0
        23
          24           3.284679613   24    0
        24
          25           3.163487198   25    0
        25
          26           3.143969744   26    0
        26
          27           2.947610307   27    0
        27
          28           2.942058917   28    0
        28
          29           2.872518636   29    0
        29
          30           2.845967999   30    0
        30
          31           2.703408026   31    0
        31
          32           2.699721278   32    0
        32
          33           2.561780390   33    0
        33
          34           2.503250656   34    0
        34
          35           2.502085966   35    0
        35
          36           2.387135857   36    0
        36
          37           2.378643343   37    0
        37
          38           2.244365720   38    0
        38
          39           2.205736689   39    0
        39
          40           2.128054019   40    0
        40
          41           2.017063515   41    0
        41
          42           1.979414859   42    0
        42
          43           1.876455743   43    0
        43
          44           1.775800393   44    0
        44
          45           1.773470001   45    0
        45
          46           1.656579171   46    0
        46
          47           1.645938423   47    0
        47
          48           1.643284003   48    0
        48
          49           1.587709294   49    0
        49
          50           1.471740531   50    0
        50
          51           1.469313158   51    0
        51
          52           1.434301842   52    0
        52
          53           1.293631994   53    0
        53
          54           1.245524529   54    0
        54
          55           0.980292807   55    0
        55
          56           0.977421939   56    0
        56
          57           0.955563327   57    0
        57
          58           0.954509699   58    0
        58
          59           0.917592391   59    0
        59
          60           0.905491183   60    0
        60
          61           0.855348287   61    0
        61
          62           0.822099924   62    0
        62
          63           0.801255678   63    0
        63
          64           0.762879827   64    0
        64
          65           0.751269520   65    0
        65
          66           0.731904236   66    0
        66
          67           0.720733051   67    0
        67
          68           0.712183298   68    0
        68
          69           0.702620186   69    0
        69
          70           0.639900777   70    0
        70
          71           0.637435776   71    0
        71
          72           0.597085795   72    0
        72
          73           0.519627432   73    0
        73
          74           0.500614463   74    0
        74
          75           0.498514828   75    0
        75
          76           0.443133268   76    0
        76
          77           0.437816767   77    0
        77
          78           0.423232432   78    0
        78
          79           0.414898553   79    0
        79
          80           0.375401407   80    0
        80
          81           0.368249105   81    0
        81
          82           0.349402719   82    0
        82
          83           0.338607085   83    0
        83
          84           0.318376186   84    0
        84
          85           0.314488641   85    0
        85
          86           0.298401506   86    0
        86
          87           0.274366396   87    0
        87
          88           0.266107855   88    0
        88
          89           0.265459058   89    0
        89
          90           0.237222588   90    0
        90
          91           0.226632450   91    0
        91
          92           0.197625096   92    0
        92
          93           0.188922034   93    0
        93
          94           0.175920884   94    0
        94
          95           0.151408346   95    0
        95
          96           0.125319138   96    0
        96
          97           0.110903376   97    0
        97
          98           0.103298327   98    0
        98
          99           0.099711248   99    0
        99
         100           0.094093611  100    0
       100
         101           0.089810822  101    0
       101
         102           0.086475518  102    0
       102
         103           0.071692222  103    0
       103
         104           0.067405340  104    0
       104
         105           0.055607663  105    0
       105
         106           0.037807011  106    0
       106
         107           0.024730508  107    0
       107
         108           0.023269485  108    0
       108
         109           0.020224656  109    0
       109
         110           0.015238003  110    0
       110
         111           0.006940333  111    0
       111
         112           0.005729181  112    0
       112
         113           0.002051091  113    0
       113
         114           0.001710692  114    0
       114
$user-defined bonds
$end
